13.5757883053456 42.4481723189201
13.5798510136242 42.4487758065783
13.5832110659505 42.4491398032881
13.5876456850267 42.4497510366981
13.5907898188794 42.4508667446483
13.5951104272499 42.4518718970446
13.5969969347062 42.4521248496973
13.5980492784193 42.4521311867805
13.5985423333362 42.4518783971998
13.5991480880887 42.4517085017462
13.5996075604601 42.4515501222724
13.600180870023 42.4513910749826
13.6007353542087 42.4511321173344
13.6016292844871 42.4509353005786
13.6023255160915 42.4507076834796
13.6030928545795 42.4504111366947
13.6034363975847 42.4500464773201
13.6040454594324 42.4498299660572
13.6044737083839 42.4496634903954
13.6054720876127 42.4490797495076
13.6062554620137 42.4487480856758
13.6069576923477 42.4486525642788
13.6077792011943 42.4484889675192
13.6079579212216 42.4484394815753
13.6085683285167 42.4481403964634
13.6089594474904 42.4478230844357
13.6096791365901 42.4477494547217
13.6102581062692 42.4475616500347
13.6108401935551 42.4472416995743
13.6114496756423 42.4468181781498
13.6119256169956 42.4464132113265
13.6130037619249 42.4459502295958
13.6141839042392 42.4456405759336
13.6151468349717 42.4450159425019
13.6159811019151 42.4439868466524
13.6160742172048 42.4439188546423
13.6167159760412 42.4435624534782
13.6170371197986 42.4433758343594
13.6181845827774 42.4428762092795
13.6190753892224 42.4425222675624
13.619710313568 42.4422200074609
13.6202618757696 42.4418606703546
13.6221068941689 42.4411950056217
13.6222918090511 42.4411164365324
13.6223305400322 42.4410954644489
13.6223393840135 42.4410921722608
13.6236423941238 42.4401251015366
13.6246256666402 42.440089619922
13.6253369434519 42.4395654119953
13.6260530292919 42.4394001996437
13.6264639842265 42.4391330809698
13.6274543096833 42.4388600112478
13.6278379634581 42.4385120236287
13.6285259305777 42.4379445534649
13.628776084594 42.4374178466286
13.6307925952992 42.4376233567356
13.6318537736648 42.4379205727611
13.6326006579039 42.4381659940141
13.6330544080688 42.4380912563066
13.6342115162498 42.4374732172685
13.6349917516873 42.4371246641269
13.6370077089073 42.4365374616753
13.6379488161345 42.4357561210715
13.638388652337 42.4356337726015
13.639758882591 42.4359837003895
13.6423174499883 42.4359060902337
13.6435118050116 42.4358122846168
13.6439879838103 42.4355513681093
13.6441431570579 42.4354765524791
13.6446669730885 42.4351213982017
13.6453151307489 42.434508798828
13.6455148126512 42.4343249075266
13.6465449659969 42.4346116498168
13.6471493585613 42.434844494907
13.6477583967412 42.4348614957782
13.6483733394321 42.4346037865002
13.6498321041854 42.4334554369809
13.651099221351 42.4328989202765
13.6526933547895 42.4326919617371
13.653431024047 42.4322688390464
13.6543126875918 42.431925909962
13.656015673368 42.4315827947096
13.6572588768015 42.431057626166
13.6586824501619 42.4307700780715
13.659769187802 42.430629393697
13.6602478158527 42.4304395798305
13.6604064997521 42.4302787081925
13.6621291917193 42.4305313189006
13.6630696005245 42.43041259543
13.6643301731403 42.4297713879535
13.6698792682489 42.4290970369132
13.6741439486335 42.4283571717219
13.6748985410872 42.429642795153
13.6769861225155 42.4300958124808
13.677859382609 42.4301726073709
13.6785451657313 42.4299872131549
13.679059672262 42.4299931441177
13.6794419512871 42.4301691096205
13.6805283851609 42.4305104461346
13.6807986034587 42.4305087911223
13.6811954516504 42.4306039038919
13.6821735239289 42.4305913261986
13.6843476380998 42.430602007009
13.6852264086661 42.4310314607593
13.6858578469216 42.4312912774078
13.6870548325658 42.4318863944866
13.6879857243182 42.4324403287705
13.6886117245385 42.4329621739478
13.6894903410263 42.4332895456878
13.6900604770932 42.4334113011927
13.6906873983001 42.4333192571401
13.6921551873247 42.4330667689317
13.6935883543775 42.432625849277
13.6961563407749 42.4321046690242
13.6974954043296 42.4322128230169
13.6999402080927 42.4311816804185
13.7003326021527 42.4309142541458
13.7049763938866 42.4311569045016
13.7064314174839 42.4307631842919
13.7071173211722 42.4305140179342
13.7074545597477 42.4302195681913
13.7082941430591 42.4299886001496
13.7093791462867 42.4299520200795
13.7103202800778 42.430075393315
13.7110734877399 42.4298024305768
13.7136595922321 42.4293897967868
13.7144053717905 42.4294842104942
13.7163296589433 42.4298948951701
13.7190472392455 42.4296715741715
13.7216270623395 42.4304175665245
13.7245585730619 42.429502871571
13.7274672244784 42.4290916524227
13.7296409670547 42.4287177690967
13.7377900095894 42.4258400300055
13.7417913534687 42.4252762822189
13.7450602601587 42.4250834977156
13.7475528818687 42.4250702997118
13.7500370462518 42.4246877371346
13.752582487572 42.423759680288
13.7546039837915 42.4224571457129
13.756843871102 42.4209658347055
13.7585764071597 42.419477766211
13.7604316191275 42.4181608894169
13.7624455419386 42.4168494114863
13.7644679138952 42.4153493233096
13.7659807852362 42.4134786270745
13.7672621303536 42.4121617636157
13.7692608860244 42.4099176402672
13.7704964255463 42.4082395654722
13.7714669017678 42.406568222429
13.7717042015805 42.4045191586812
13.7717244390646 42.4024542960964
13.7733935696182 42.401183833551
13.7752381405795 42.3994531949811
13.7769785654298 42.3979609348237
13.7786986860007 42.3964797530482
13.7795673124782 42.3946829841429
13.7808259136463 42.3926632360891
13.7820213289126 42.3910097177886
13.7841677308084 42.3896104598025
13.7864289560318 42.388329214522
13.7873507775153 42.3880408122552
