13.4598927857447 42.4789852672341
13.4644245008317 42.4789439743796
13.4683800461559 42.4795230713737
13.470887309176 42.4795218713404
13.4723414280039 42.4795211701054
13.4759285947669 42.4790690209214
13.4788093817103 42.4791121260116
13.4801666884322 42.478498747916
13.4820452698374 42.4785840049105
13.4826910584296 42.479021307914
13.483833191675 42.4790692458609
13.4895160356684 42.4767701250212
13.4913041087937 42.4765463840244
13.4929799459615 42.4765011221418
13.4958589144068 42.4759353786192
13.498871334349 42.4749402831165
13.5001244437261 42.4745429202154
13.5021066061538 42.4737025614662
13.5025082920279 42.4736765676068
13.5036590414079 42.4738477730113
13.5043582070106 42.4739769526543
13.5053251951294 42.4737157782548
13.5092903179378 42.4709735770617
13.5125027158582 42.4699101406075
13.5129467165959 42.4697554578182
13.514885507229 42.4697145061084
13.5162401964821 42.4694831846222
13.5182505797289 42.4690262004089
13.5196316423434 42.4688743241889
13.5215023576016 42.4689467924237
13.5238446469141 42.469320929009
13.5260875872988 42.4695081419219
13.5268787014279 42.4696217362838
13.5289921104822 42.4691225703467
13.5298096804592 42.4684262781014
13.5315035353996 42.4665665747619
13.5327315006932 42.4657449976058
13.5342489708622 42.4649436373068
13.5351066817491 42.4645333736964
13.5358095383744 42.4639286803564
13.5366755056045 42.4633027691669
13.5385887843978 42.462751810366
13.5407462026966 42.4623361305861
13.5426710828728 42.462019810304
13.5432171393594 42.4619240461157
13.5465121695301 42.4618148837811
13.5480997572548 42.4623327087454
13.5500543033229 42.4625913854137
13.5522684213045 42.4630620898127
13.5537571678437 42.4637516308106
13.5557979642977 42.4645025069578
13.5573269338834 42.4651541035917
13.5581952440348 42.4657586293976
13.5606368400452 42.4659761519736
13.5620568509329 42.4656410673841
13.5631151697351 42.46470685966
13.5654164784584 42.4636242222079
13.5696820846183 42.4628731844063
13.572607645926 42.4623949540255
13.5763188633565 42.4616083598305
13.5781790546534 42.4615224198906
