13.82052103451954 42.00523491349906 
13.82147397876759 42.00310332113008 
13.82232431682618 42.00241815422545
13.82308813620458 42.00133100871975
13.82490443066819 41.99827889117007
13.82606371966332 41.99241112437666
13.82691898405904 41.98997495269717
13.82868323471099 41.98558757783481
13.8331981944562 41.9784976950917
13.83562673717405 41.97476230389043
13.84120354862208 41.97095740224021
13.84446468435638 41.96705658623923
13.84747830920457 41.96479512165631
13.85133387259077 41.96001109354962
13.85429566626954 41.95690538400897
13.8555102937393 41.95517089928969
13.85620713856163 41.95332624599964
13.86247371939576 41.9501230423388
13.86406188680618 41.94723949580759
13.86464725025947 41.94549196283788
13.86463718625242 41.94313984202797
13.86486454039211 41.9420130270549
13.8652273967146 41.9402121304615
13.867262860119 41.9380720774582
13.8735726688257 41.9343289725718
13.8769043751368 41.9332326121191
13.8821140490075 41.9307039619498
13.8823561156383 41.9302957415297
13.8829884344942 41.9298413143263
13.8832993224856 41.9296215009171
13.8834958298117 41.9295617300075
13.8836974700345 41.9294554624218
13.8838505405244 41.9293318714203
13.8842303615827 41.9290684016974
13.8843440912994 41.9289664818665
13.8844146601001 41.9287842903835
13.8847486388279 41.928566628781
13.8851153057868 41.9284551620971
13.8851898612181 41.928362657566
13.8853046228212 41.9281810235449
13.88583147542791 41.92717904471189
13.88830160777445 41.9260009288453
13.88998790018947 41.92482666596918
13.89264614264567 41.92392263043314
13.89471164626881 41.92288699251272
13.89666987605124 41.92060652338391
13.89701491527257 41.92000434534327
13.89780919020865 41.91922706547039
13.89842677838184 41.91889331504638
13.8991451390281 41.9186400077132
13.8997564284195 41.9183069797942
13.9012782787038 41.9177506391422
13.90163864993 41.917486468886
13.903450138306 41.9160442501419
13.90529729048406 41.91347940588454
13.9072167566341 41.91110289358649
13.90931127478688 41.90560634830932
13.91148583086868 41.89992123521749
13.91187266211468 41.89841705240542
13.91280418198849 41.89714676901718
13.91884410014973 41.89184846162667
13.92082696220894 41.89138454429845
13.9233464851501 41.8886735353194
13.9235438228873 41.8884526722848
13.9238942676414 41.8884630204724
13.9246659639109 41.8878620727999
13.92629114620451 41.88672559863905
13.9298042841871 41.88552894660812
13.93275697591236 41.88434829253087
13.93486766184139 41.88311441446189