13.4289100373122 42.1923345085074
13.4362876327379 42.1920928773336
13.4417525941342 42.1920889081978
13.4465570984624 42.1922428191924
13.4504730552048 42.1916908487386
13.4568976718332 42.190529459856
13.4592484091285 42.1901480711533
13.4608380959071 42.1893852031448
13.4613342157046 42.1892818922189
13.4617726277563 42.1891021454105
13.4626091028235 42.1889676276523
13.4632241642781 42.1887881825126
13.4637912277139 42.1887132751174
13.464360906388 42.1885465743735
13.4652159596187 42.1884192758185
13.4656716792427 42.1882574387931
13.4662422129781 42.1880970517167
13.4669275672279 42.1879314386971
13.4676699123181 42.1877200155381
13.4685329984162 42.1875736976785
13.4691057011112 42.1874473195901
13.4696797184046 42.1872811557906
13.4708980907223 42.1870377051658
13.4709559154721 42.1870362811248
13.4715248996501 42.1868284808577
13.4720901734688 42.1866725493757
13.4726043135657 42.1866308693407
13.4731747413093 42.1865503490928
13.4737460310542 42.1864262919063
13.4743205936123 42.186235527054
13.4748909153919 42.1861036505193
13.4754602583033 42.1859720029178
13.4764096352654 42.1856716371021
13.4764634371819 42.185633853705
13.4770406541544 42.1854545593231
13.4775810177873 42.185200358701
13.4780240592525 42.184881910393
13.4784185178658 42.1845511489381
13.4791499158914 42.1840603345833
13.4792529899591 42.1838703746441
13.4795883167618 42.1834624234429
13.4799931461784 42.1831989395619
13.4803892390543 42.1829115302684
13.4809030989702 42.1827011924645
13.481421716889 42.1824751640503
13.4819373993788 42.1821265429067
13.4823370081542 42.1818243197749
13.4827354630323 42.1814817892822
13.483132926711 42.1811400984598
13.4836419031949 42.1808354473537
13.4841452947046 42.1806026939023
13.4846450672593 42.180336662522
13.4849793441423 42.1800018407858
13.4853116844731 42.1796656784417
13.4856975013535 42.1792879360046
13.4865964916291 42.1787759092185
13.4868258949487 42.1786081466759
13.4874165912509 42.1784240374172
13.488043635593 42.1782470340536
13.4886019676169 42.1781157336134
13.4891575472366 42.1779825388044
13.489807519703 42.1779316219864
13.4902360450712 42.1777284092981
13.4908175863652 42.1775240679468
13.49118264769 42.1772935768401
13.4916998715941 42.1771331983998
13.4921101146775 42.176901506641
13.4925680480848 42.1766336049469
13.4928224858502 42.176291825084
13.4932657055309 42.1760672904986
13.4937441246447 42.1759226158309
13.494206705144 42.1758556731887
13.4946642810946 42.1758255741022
13.4951593513193 42.1757963415104
13.4956456343708 42.1757674609968
13.4960440810325 42.17563082019
13.4968332320735 42.175390060202
13.497519951518 42.1750484652728
13.4977378215154 42.1746123948555
13.5009757211879 42.1563980096064
13.5009687389801 42.1562870393943
13.5011159528347 42.1560703061057
13.5011842248748 42.1558460529891
13.5012113220372 42.1555928724398
13.5013258357756 42.1553763991813
13.501444766048 42.1551079168487
13.5014395195943 42.154831572097
13.5014367231629 42.1545074569123
13.5013920358096 42.1542111102541
13.5013911084127 42.1538115751771
13.5014339253342 42.1534661870869
13.5014352480818 42.1531172514828
13.5016908019171 42.152607234107
13.5017763221458 42.152351944591
13.5019459477944 42.1520964159531
13.5020734145202 42.1517781045372
13.50224317074 42.1514552486031
13.5023703515925 42.1511337888604
13.5024971364725 42.1508116584424
13.5026229838691 42.1504961715424
13.5027482435523 42.1501895738322
13.5029153484135 42.149882966004
13.5030828533619 42.1496102836788
13.503292957282 42.1493069342998
13.5034613068893 42.149030497429
13.503672020299 42.1487538069448
13.5038415181313 42.1484147555252
13.5040554461692 42.1481716192359
13.504228661472 42.1478645160976
13.5043596569205 42.1475546157056
13.5044932916568 42.1472443321087
13.5046288263028 42.1468686706356
13.5048080128106 42.146553372214
13.5049450542744 42.1462354468908
13.504995027933 42.1459152610467
13.5051306225501 42.1456256100282
13.5053535552197 42.1453024356964
13.5056453488626 42.1435450666579
13.5058430970593 42.1431987449205
13.5059628110461 42.143130044061
13.5063118616901 42.1427398848275
13.5064070746889 42.1425480542458
13.5064603723517 42.1420730442068
13.5064878721665 42.1420123322557
13.5065886726501 42.141102078087
13.506772616442 42.1404470016223
13.5068261746585 42.1403475959995
13.5071027620791 42.1399513041485
13.5071733165703 42.1398649910557
13.5072582734328 42.1397791145431
13.5080132650418 42.1392501064581
13.508198148777 42.1391361584365
13.508623503237 42.1388995178747
13.5114106073716 42.1346090548628
13.5116864986446 42.1342666944675
13.5118661299137 42.1340583707288
13.5120809690122 42.1338264100817
13.5124386680527 42.1334169041719
13.5127115115873 42.1331676267302
13.5128674261158 42.1329401033425
13.513035494101 42.132587204823
13.5131478890842 42.1322877075443
13.5132318720407 42.1320393713114
13.5148552116976 42.1230314882348
13.5148658769687 42.1227400763512
13.5150756829415 42.1219912588589
13.515089377635 42.1219173361104
13.5154957920022 42.1215312230582
13.515666384566 42.1214069987166
13.5161368174285 42.1207291077338
13.5194209116352 42.1161308706233
13.5201832650262 42.1147721397725
13.5206329585432 42.1140215899687
13.5214169211526 42.1125738096866
13.52202361726 42.1119168865416
13.5225295760017 42.1110872840499
13.5232207257466 42.1102542003144
13.5237769447402 42.1095223667186
13.5242405725938 42.1088568995574
13.5248032956775 42.1079836427815
13.5254569151083 42.1070625257866
13.53155925261513 42.0985422809032 
13.53932333317282 42.09135230199044 
13.5417620297524 42.09029405431764
13.54431908692239 42.08801229769795
13.5486298576651 42.0776255480956
13.567607942495 42.0500348145863
13.5689711350783 42.0491270883468
13.5854418063635 42.0361707963238
13.5922325807152 42.030839569517
13.5974965744066 42.0238748236814
13.6091003095524 42.0113522417321
13.6092823883892 42.0111273346341
13.60958516226 42.0106779945182
13.6098280687421 42.010227353622
13.610194141546 42.0098656342783
13.6104988630586 42.0094591787295
13.6109260051235 42.0090521637767
13.6111694609578 42.008600834784
13.6115316202307 42.0081982236725
13.6118940601922 42.0078405167949
13.6123211314594 42.0074336404708
13.6129969170465 42.0067954160523
13.6133652092989 42.0064763308658
13.6137946262862 42.0061569584598
13.6142848923873 42.0057923097492
13.6145913509496 42.0053386133672
13.6150194285505 42.0049753368068
13.6154479317963 42.0046113237205
13.6158744281318 42.0042497665574
13.6162398351241 42.0038885291461
13.6166660889151 42.0034821545699
13.6169704720554 42.0031212063137
13.6173956044564 42.0027616551918
13.6178212700888 42.0024014769357
13.618186414092 42.0020409242559
13.6185515974209 42.00163575942
13.618978182934 42.0012753216605
13.6192835538751 42.0008688277861
13.619711203852 42.0005071240596
13.6201386881808 42.0001902007308
13.6205663065385 41.9998279290052
13.6209940905146 41.9994202636836
13.6213002985161 41.9989669490979
13.6217277122249 41.9986499838028
13.6222165389862 41.9983781822049
13.6227055265998 41.998060976938
13.623072561482 41.9976529629865
13.6235001385759 41.9972452614279
13.6239279405831 41.9969280509742
13.6244785054025 41.9966104981197
13.6249685150492 41.9962925953444
13.6255181221222 41.9960662830325
13.6287003597264 41.9948071293644
13.6307417485918 41.9933758820611
13.6315589518675 41.9928641046828
13.6330476449174 41.9921508825312
13.6342610830133 41.9914400281492
13.635208344094 41.9910323991831
13.6365539252695 41.9902211717247
13.6382116458214 41.9891861892083
13.6390306593569 41.9884700620458
13.6403958139113 41.9873444054459
13.6413480906166 41.9862225868716
13.6422908159231 41.9852067823702
13.6436257860835 41.9840944892728
13.6445580736662 41.9831843109989
13.6457857647231 41.9823650254968
13.6468859061554 41.9814412407611
13.6482638868199 41.9807176435255
13.6494926367328 41.9796952319762
13.6505747890573 41.9787791072745
13.6513858496163 41.9780668221968
13.6526117824551 41.9770458591957
13.6538416782171 41.9765311399173
13.6551780217615 41.975823028491
13.6567183055595 41.9753957012713
13.6579716117712 41.9747718311291
13.6587935985653 41.9743605825712
13.6628157360614 41.970355305523
13.6633396246316 41.9700611741275
13.6635451268738 41.9699632282538
13.6641910464999 41.9697090313283
13.6648457854136 41.9695658069875
13.6656857880295 41.9693812642304
13.6666923105878 41.9693095490743
13.6675422136589 41.9691964788323
13.6684259225294 41.9690006263678
13.6724888860063 41.9693676658915
13.6728223146513 41.969084080189
13.6732640202363 41.9688668272891
13.6737075588041 41.9686850934426
13.674149157882 41.968431567033
13.6744943942704 41.9682493540067
13.6749384712034 41.9680679451191
13.6753830696152 41.9678864462327
13.6758792597952 41.9677404361694
13.6763277610624 41.9675551473232
13.6767751579649 41.9673714369616
13.6772729400645 41.9672241530379
13.6777714080601 41.9671864439825
13.678270086763 41.9671830595802
13.6788173042453 41.967036426768
13.6792655168145 41.9668531639118
13.6796654083486 41.9665609470097
13.6800662261973 41.9663042827041
13.6805659952102 41.9661933995428
13.6811139121119 41.9660809203942
13.6815156971854 41.9658597690839
13.6819190343676 41.9656386060981
13.682319342311 41.965341237914
13.6828663874472 41.9651919225754
13.6839685596304 41.9645477981895
13.6870834416334 41.9630166734125
13.6881677089328 41.9626073637533
13.6893842106787 41.9617935912584
13.6906030461101 41.9611832253734
13.6915474354257 41.9604734753511
13.6926264432507 41.959764720384
13.6937029166079 41.9589559987726
13.6945070541594 41.9580468178937
13.6957162218392 41.9571374090307
13.6963850229577 41.9561255239279
13.6975947416546 41.9554185648314
13.6986691603477 41.9548131766949
13.6998766082668 41.9539040672746
13.7009494064252 41.9530962954512
13.7016194955008 41.9526933898927
13.7032065752808 41.9517083315003
13.7042661953887 41.9510143327741
13.705063064462 41.9507976116587
13.7051005321591 41.9507829633538
13.7052325508959 41.9506858555502
13.7053461915781 41.9505753519136
13.705441634209 41.9504513950698
13.705500231531 41.9503139556905
13.7055954187954 41.950188184044
13.7056910873796 41.9500626434761
13.7058052067914 41.9499504626329
13.7059354214021 41.9498363969583
13.7060484655077 41.9496957118819
13.7061611396198 41.9495971733812
13.7062910031152 41.9494702662257
13.7064915571417 41.9493989806509
13.7068081721333 41.949308716603
13.7068704955764 41.9492904260171
13.7070749034614 41.9492496588487
13.7073173131491 41.9491796142264
13.7075203919239 41.9491512252687
13.7077686267701 41.9491275438204
13.7079317643492 41.9491119801069
13.7081112376144 41.9490696847908
13.7082871558852 41.9489894764145
13.7084398676935 41.9488739171595
13.7085298218459 41.9487540029418
13.7085984026225 41.94862417957
13.7086666717595 41.9484811923302
13.7088360263714 41.948406959172
13.7090249328813 41.9483565340045
13.7092296326739 41.9482802700206
13.709394166119 41.948221147205
13.7095156822732 41.9480794251647
13.7095850461754 41.9479891918659
13.7096528219497 41.9478614974847
13.7097581647423 41.9477311366842
13.7098267551259 41.9476022891441
13.7099685524567 41.9474706761663
13.7100740182171 41.9473663603852
13.7102162554898 41.9472735777898
13.7104607336545 41.9468434041028
13.7104605206644 41.9468303997552
13.7105670815709 41.9466985167791
13.7106920444487 41.9466057428323
13.7108344386541 41.9465131748887
13.7110114580601 41.9464471144363
13.711151929203 41.9463686178953
13.7112748791146 41.9462642812462
13.7114485936946 41.9462388387926
13.7116203925361 41.9462266662426
13.7118060495163 41.9462278215254
13.7119891122181 41.9462289645319
13.7121867678517 41.9462300913337
13.7123519501712 41.9461928919958
13.7124705268782 41.9461046761402
13.7126229293574 41.9460039210624
13.7127594073266 41.9459155290803
13.7129108007977 41.9458403058918
13.7130442509237 41.9457780035703
13.713208020581 41.9457168194735
13.713618609459 41.9456981446401
13.7138208584957 41.9456675702432
13.7139979170255 41.9456284040256
13.7142076801169 41.9455643821032
13.7143995204082 41.9455886944911
13.7146203166992 41.9455647293552
13.7148297503981 41.9455100398943
13.7150219076231 41.9454907487978
13.7152284651327 41.9454709938325
13.7154111506922 41.9454433045573
13.7155886186837 41.9454180603637
13.7158137252843 41.9453912306586
13.7160054556202 41.9453761261144
13.716155788145 41.9453447899265
13.7163221678373 41.9453123979063
13.7164860377242 41.94526993872
13.7166674307818 41.9452363118395
13.7168116781409 41.9451962925779
13.7170061681253 41.945162759813
13.717134123426 41.9451338245181
13.7174133010658 41.945025646348
13.7174280857545 41.9450147664575
13.7175478154356 41.9449374381316
13.7176664401397 41.9448501579755
13.7178058990888 41.9448013557433
13.717961759424 41.9447616356143
13.7181185904971 41.9447418897405
13.7182733025435 41.9447124672497
13.7184436675111 41.9447022409809
13.7186406970325 41.9446615708962
13.7187903223697 41.9446140347384
13.7189092495531 41.9445683283543
13.7190579682432 41.9445210935547
13.7191757031055 41.9444560015358
13.7192477263909 41.9443534694203
13.7193205600661 41.9442601099137
13.7193788697602 41.9441667768021
13.7194827860321 41.9440707941277
13.7195421213893 41.9439760968773
13.7196169866621 41.9438696891431
13.7196773948718 41.9437311115487
13.7197536378447 41.9435995887144
13.7197999270585 41.943489974462
13.719876863821 41.9434007224098
13.719984312203 41.9433099842869
13.7200469655958 41.943197931451
13.7201756233646 41.9430224419356
13.7202416143614 41.9429740870809
13.72035519838 41.9428791737427
13.7204799440603 41.94279822245
13.7205884351894 41.9427177726486
13.7207594565681 41.9426620611548
13.7209304386171 41.9425582311088
13.7210515599718 41.9424794370207
13.7211727789172 41.942400580147
13.7213021543331 41.9423169841596
13.7214362635709 41.9422080060072
13.7216210691714 41.9421076562034
13.7217667432059 41.9420235688431
13.7219107548723 41.9419404374773
13.7220438692301 41.9418549380783
13.7221716384305 41.9417836910675
13.7223595566183 41.9416789312396
13.7225414072799 41.9415691336552
13.7227027929064 41.9414736229512
13.7228783222026 41.9414002376844
13.7230497675842 41.9413613611103
13.7232023238753 41.9413029634316
13.7234158282422 41.9412528098446
13.7235825402697 41.9412146513454
13.7237171904517 41.9411887816663
13.7238652988963 41.9411521241522
13.7240266619951 41.941115133867
13.7241720614388 41.9410785841216
13.7244433976905 41.9410177432902
13.7244997504738 41.9410056477059
13.7246394863466 41.9409909215209
13.7247913580776 41.9409755654592
13.7249681290205 41.9409594243881
13.7251021321284 41.9409549264053
13.725221309869 41.9409509276284
13.7254173124825 41.9409250541644
13.725571829147 41.9409009073944
13.725699017585 41.940858289399
13.7258248088656 41.940845219265
13.725974545242 41.9408319879071
13.7260983866502 41.9408196953172
13.7262210249576 41.9408170274645
13.7263551598897 41.9408048437626
13.728693087907 41.939821355917
13.7287289478999 41.9397846400162
13.7288006201719 41.9397024358496
13.7288720109936 41.9396202948437
13.7289300712538 41.93952842391
13.72899948298 41.9394366907569
13.7290685730859 41.9393543941068
13.7291372921014 41.9392636273909
13.7292290164893 41.9391908883268
13.7293088319362 41.9391275936548
13.729422182242 41.9390465589303
13.7295119594327 41.938983843181
13.7296030944925 41.9389306111902
13.7297040859968 41.938877378411
13.729793072267 41.9388070335261
13.7299260365612 41.9387282793451
13.7299923904369 41.938684799508
13.7300694444599 41.9386155261837
13.730157331071 41.9385551952943
13.7302545842473 41.9384952463885
13.7303514902847 41.9384613759493
13.730461304528 41.938436114611
13.7305824567016 41.9383938603047
13.7306919096222 41.9383773196542
13.730779942653 41.938301060349
13.7308457379378 41.9382503839467
13.7309252253547 41.9381841417455
13.7310377104579 41.9381438202858
13.7311283308434 41.938103545586
13.7312183103721 41.9380635562633
13.7312956049908 41.9380072976543
13.7313587018843 41.9379436242792
13.7314412940298 41.9378809847083
13.7315240875973 41.9378269742365
13.7315856536635 41.9377730970317
13.7316766472878 41.9377285546322
