13.2659984004273 42.7246101688755
13.2658468568509 42.7237016721067
13.2665066601133 42.7092783092016
13.27190285947 42.6960173288553
13.2816987376878 42.6898633739103
13.2897074425301 42.6787890929824
13.2995028662813 42.6722179658385
13.3071158755982 42.6679186119085
13.3140952026749 42.6581643911529
13.3225837928639 42.650984772603
13.3324686745747 42.6423908358257
13.3387412958581 42.6397415309396
13.3392806373572 42.6389864550874
13.3404895803168 42.6381371182644
13.3409620020422 42.6372771541341
13.3414477109957 42.6367396307171
13.3416207167448 42.6364085980723
13.3419151932547 42.6353422198264
13.3418964665866 42.6347768343635
13.341845838538 42.6343191429345
13.3429494375045 42.6336524210101
13.343465911728 42.6331866647692
13.3437505633323 42.6328736879117
13.3439341570543 42.6325520304721
13.3444284512787 42.631166462048
13.3445509573683 42.6309346697629
13.3460627997998 42.6294625483388
13.3466236110002 42.6289757316816
13.3490030298846 42.6278774599537
13.350448238322 42.6266576076616
13.3504942415526 42.6259984337031
13.3504458815895 42.6254939988069
13.3503491517395 42.6251772979923
13.350198026534 42.6246589107416
13.3509787344175 42.6244073299332
13.3517992542729 42.6238640283578
13.3523968752977 42.6227830827341
13.3527548119005 42.6206238878554
13.3530366348079 42.6197091199315
13.3535252134882 42.617657024125
13.3539614296519 42.6169860361997
13.3547103619603 42.6160624213272
13.354951458744 42.6151129405055
13.3550936384239 42.6142523369602
13.3559394114789 42.6132795311816
13.3567674917947 42.6117174285402
13.3571890206079 42.6098774096912
13.3577489707073 42.6086447611552
13.3581615432924 42.6083015085585
13.360046073053 42.6073174686927
13.3607814031891 42.6062532814474
13.3615389380141 42.6052406935232
13.3618916996081 42.604965608671
13.362225717198 42.6042700612965
13.3623152720293 42.6037028396205
13.36229661015 42.6026061131777
13.3623980722474 42.6019233346105
13.363679910229 42.6012113807731
13.3643619790693 42.6006947005846
13.3648742905816 42.6003515812055
13.3651948308377 42.5998587785431
13.3658435871725 42.5996446426959
13.3663861981748 42.5993442655448
13.3667276292695 42.5989637837713
13.367024865255 42.5987115448167
13.3675014335549 42.59842442535
13.3676997416621 42.5980531277992
13.3673167902694 42.597343811992
13.366849371471 42.5969273133011
13.3664471587903 42.5959426490536
13.3668817121407 42.5950790752486
13.367690770208 42.5941174728264
13.3690609829183 42.592673670404
13.3694421543477 42.5918849617897
13.3717681726966 42.5902075200403
13.3729030728352 42.5895427616042
13.3729981631494 42.5891617554364
13.3732457375404 42.5887336108869
13.3735178985585 42.5885551456262
13.373736102295 42.5882603369182
13.3739007747141 42.5878913386374
13.3741795725746 42.5873914702819
13.3743368197722 42.587071052983
13.3744279451328 42.5868454871022
13.3744913241553 42.5865260299687
13.3748010479546 42.5862331844449
13.3731065879874 42.5845000909177
13.3734177014249 42.5840960175409
13.3736070393841 42.5835202576754
13.3737348701396 42.5821762092863
13.3747121218454 42.5810220631055
13.375061253188 42.580111953032
13.375050863562 42.5795416123267
13.3755415520309 42.5786456843111
13.3769788797874 42.5778063076389
13.3773419477507 42.5774542071203
13.3773210403979 42.5771066538484
13.377418828688 42.5768487852512
13.3773941720057 42.5764524741464
13.377515173016 42.5760064298626
13.3774759962918 42.5748431674763
13.37797279152 42.5737286341092
13.3785118208508 42.5733756569957
13.3793551305308 42.5723212166517
13.379799159191 42.5714533166813
13.379926499618 42.5706746188512
13.3802854450623 42.5697857023324
13.3804827165061 42.5690492010752
13.3804562712906 42.5686099464655
13.380357322384 42.5682694996163
13.3803549471156 42.5675704598387
13.3811596938068 42.5664231238144
13.3813264947287 42.5656559196605
13.3817567978397 42.5650188564539
13.3822608589499 42.5645036417323
13.382526138087 42.5642364103408
13.3826436810952 42.5639719034864
13.3830159774633 42.5634248712965
13.3838814118203 42.5629140829825
13.384322917553 42.5625085890042
13.3854246632631 42.5611414116094
13.3867595934612 42.5592761545008
13.387241597144 42.5582461597565
13.3873816049305 42.5576416895955
13.3870974148627 42.5551806017739
13.3877645408599 42.5536341839352
13.3893370795263 42.5517333911377
13.3917010273232 42.5489688205677
13.3929998456116 42.5475782501358
13.3935644857671 42.5472269292297
13.3937602612745 42.5464357557501
13.3938321230419 42.5455296054024
13.3941431105973 42.544942386532
13.3944911466916 42.5444213063203
13.3955503827934 42.5433610730089
13.3961896009516 42.5421475990198
13.3972125643109 42.5392555248462
13.3978452714845 42.5382928764307
13.3996984521491 42.5362286772462
13.4014811449824 42.5352787411271
13.4083568979033 42.5320588210801
13.4105049825263 42.5312517954973
13.4131606409266 42.5304615401809
13.4174503725244 42.527783658061
13.4205958485959 42.5259052449617
13.4216306723448 42.5253959247084
13.4232774775598 42.5247016353712
13.4240266054795 42.5239840789421
13.42454760349 42.523674332093
13.4255828123815 42.5220576419595
13.4258697378977 42.5208926946805
13.4259742651106 42.519750285248
13.4266207049249 42.5180069485217
13.4265853027867 42.5176109586589
13.4265124564442 42.5169560263657
13.4279905001328 42.5148686337995
13.4292573746971 42.5141445849417
13.430010773512 42.5136766016269
13.430632558518 42.5130887537789
13.4311646171517 42.5124146658894
13.4318975211171 42.5117472022936
13.434244160797 42.5105498179843
13.4361964634387 42.5096073210407
13.4384760558294 42.5091399434752
13.4391235059023 42.5086198379529
13.4388074738173 42.5081618408662
13.438373754481 42.5077072110609
13.4380626329475 42.5072556911684
13.4384144462258 42.5066114722217
13.4396199554287 42.5059213651266
13.4403269352391 42.5053311997402
13.440528358838 42.5046854570882
13.4403561324134 42.5040765922497
13.4403507018555 42.5035332456457
13.44123486367 42.5022523715444
13.4414278753932 42.5016652775726
13.4415377809651 42.5010545875705
13.4415634197188 42.5003065285409
13.4415160630387 42.4999358013733
13.4415105554481 42.4996520540264
13.4432942398704 42.4974269721171
13.4439996704276 42.4960717061795
13.4442993822449 42.4948768855138
13.4450988253665 42.4946531430598
13.4458929351868 42.4937635596613
13.4466800119388 42.4925853867569
13.4476670188294 42.4920720477773
13.4482548518807 42.4915607475115
13.4488373474773 42.4908334214746
13.4505903269833 42.4896758048378
13.4524245686531 42.4883836823944
13.4530852286086 42.487528701908
13.4546750562984 42.4854816219094
13.4556760439246 42.4837386665589
13.4561255628229 42.4829090088936
13.4587967190154 42.4804450986877
