12.8759896895469 42.6019437935371
12.8818486685777 42.5992270427591
12.8874859541386 42.5967708470404
12.8896339353592 42.595417175231
12.8927577639881 42.5931031254695
12.900321661871 42.592543646902
12.9065039164221 42.5903612872902
12.9105004969013 42.586488014145
12.9134852162396 42.5850343116708
12.9168655017363 42.5836166476203
12.9234461118681 42.5810309881329
12.9300033508156 42.5765359801046
12.9310910367168 42.5745373504082
12.9327403354244 42.5733206562597
12.9362814996003 42.5716982509857
12.9370070381052 42.5715370631078
12.9383459017076 42.5712004583132
12.9386582493613 42.5711413050988
12.9395453112397 42.5709481569695
12.940645513499 42.5704195373616
12.9409220928571 42.5702763037346
12.9419397407232 42.5698498519334
12.9425172544345 42.5693880177852
12.9430281328704 42.5692773782834
12.9506891227933 42.5636828216556
12.9519119574241 42.5632639446495
12.9520003163961 42.5632493785044
12.9525592218357 42.5631436972532
12.9536587499216 42.5630148195082
12.9544177953341 42.562957104859
12.9548953104877 42.5628967908169
12.9555326375452 42.5625910315887
12.9563677966267 42.5623058391165
12.9569606194925 42.5621444202979
12.9574349479483 42.5621124164669
12.9580870783185 42.5619510247965
12.9583641087331 42.5618419101765
12.9592252718068 42.5616603357992
12.960196594362 42.561346553917
12.9607916676473 42.5612732277261
12.9617557626212 42.5610875157981
12.9626320916363 42.5608226889144
12.9631429920216 42.5605897680793
12.9637691414895 42.5604264774479
12.9647934277019 42.559937043902
12.9686016001096 42.5586275454192
12.9788625949402 42.553359687652
12.9797818525648 42.5527685274398
12.9814188530182 42.5522976938584
12.9817255181861 42.5521859522349
12.9829624020653 42.551880948573
12.9839333159764 42.5511373037694
12.9851074881204 42.5503338656586
12.9863182733002 42.5495865125962
12.9883866015379 42.5480256215006
12.9885508262968 42.547992461105
12.9903675343624 42.5469583754303
12.9925420535761 42.5457489737281
12.9936605779937 42.5451805655917
12.9947454537486 42.5444240197975
12.9970826525802 42.5435383168852
13.0076117080442 42.5355587830874
13.0245725747492 42.5288346237215
13.050836339448 42.5232264073671
13.0685546989487 42.5210027947516
13.0751192820555 42.5211947280192
