13.0021085906928 42.7515279414297
13.003760872687 42.7503407612689
13.0063142405122 42.7495661280327
13.0114409033782 42.7470457758814
13.0233168385522 42.7436433345826
13.0266127959189 42.7428128000066
13.03627133282304 42.74017399525925
13.04582849729182 42.73793204389445
13.0518373984041 42.7263320489777
13.0589123939153 42.7242865908177
13.063690104565 42.7236117735834
13.0684676004758 42.7226143476469
13.0702556105608 42.7224205167523
13.0718885576372 42.7215706209408
13.0763061598638 42.7197752003903
13.0796466639968 42.717369197338
13.0842884192591 42.7148405837502
13.0875343383848 42.7138595911088
13.0907231923624 42.7127611038797
