14.0485125679652 42.1333165030672
14.0489694766138 42.1327152557045
14.049067544513 42.1326173990429
14.0497431418047 42.131966983027
14.0502478336393 42.131495176169
14.0506696332442 42.1307093042383
14.0509159047593 42.1303673658126
14.0513503537699 42.1297029205829
14.0515988067703 42.1292911529579
14.0541214343297 42.1252912836974
14.0543297714499 42.1246300031296
14.0543291097451 42.1240153660646
14.054268771579 42.1235105539352
14.0542711401892 42.1229540974372
14.056548641435 42.1143931949203
14.0567121911462 42.1138649190742
14.0568085022098 42.113348501994
14.0565486252051 42.1128515237038
14.0563802199922 42.1123329873229
14.0563747753097 42.1117756662975
14.0564054768162 42.1113348578887
14.0586303025848 42.101432212582
14.0616864066081 42.0963473887665
14.0620780429385 42.0952271605017
14.0625678531097 42.0941564324949
14.0597773483184 42.0904264204291
14.0601505234274 42.0889259194983
14.0605140945003 42.0880517671022
14.0604837060048 42.0873751550054
14.0603841355284 42.0872132537896
14.060161955559 42.0864185134783
14.0601709852128 42.0858405536489
14.0602810027128 42.085266007688
14.0601796395989 42.0836880880792
14.0736562743697 42.0670890977599
14.0727859561454 42.0594908159988
14.0747579273019 42.0530475029999
14.0766242850206 42.0498502835095
14.0771489923445 42.0491006372236
14.077279014496 42.048876592629
14.0777850788844 42.0483293467593
14.0780674483127 42.047975300747
14.0785376927043 42.0472007273478
14.0783038435049 42.0465349435194
14.0781109673534 42.0455824060282
14.0779840434957 42.0445657906021
14.0780271858881 42.0443923795081
14.0782832430715 42.0434367825283
14.0785156509965 42.0427047517573
14.07855769994 42.0425813176488
14.0790341673239 42.0421624270741
14.0744871688967 42.0331528854619
14.0743697276981 42.0329896560639
14.0739658431446 42.0323258070642
14.0736490173912 42.0316840037228
14.0735769738871 42.0315642568
14.073324850441 42.0312529592897
14.0734419281593 42.0309577639565
14.0733404349312 42.0305663815987
14.0733088199917 42.0302299227819
14.0729895552144 42.0254362852433
14.0729486902132 42.0246576668013
14.0729286854454 42.0241091792071
14.0729000847837 42.0234349229324
14.0729768691657 42.0229165264657
14.0733956761505 42.0219784444541
14.0736050692698 42.0211196695483
14.0733262038685 42.0205364895876
14.0732723482046 42.0199079418371
14.0732559968294 42.0194845799085
14.0732587013285 42.0191124147477
14.0806442121584 41.9918245977937
14.0806428004871 41.9916306496804
14.0809478113055 41.9908853014273
14.0812285731267 41.9900290255271
14.0813133128723 41.9894471036896
14.0814741684025 41.9887182495152
14.081531520954 41.9879962810694
14.0812632912251 41.9872086314848
14.0811539002728 41.9867623232349
14.0810968403594 41.9862563410537
14.080861223579 41.9856185981175
14.0807254213997 41.984882595664
14.0809361923195 41.9845000282821
14.0811277633059 41.9842529314508
14.0811127801493 41.9835961495564
14.0809372255203 41.9831765869408
14.081136210837 41.9828250472436
14.0811916966417 41.9824773647326
14.0812115405298 41.9819597686592
14.0814464571645 41.9810736465029
14.0818845039277 41.9800461077742
14.0819395723327 41.9799466178369
14.0822673532868 41.9795924784307
14.0825919139928 41.9792607523802
14.0829138542467 41.978788365958
14.0830739597365 41.9785953230652
14.0833924569726 41.9779523005511
14.0839194989862 41.9768263027325
14.0846360869259 41.9765966183588
14.0846864563911 41.9765820128865
14.0852831064333 41.9764088936262
14.0856092660148 41.9759853545388
14.0859204402656 41.9754745321702
14.0859910922332 41.9753907290894
14.0862009531887 41.9749647928875
14.0863620923223 41.9744593824432
14.0866792319653 41.9738897318103
14.0874573332914 41.9729963960781
14.0884464354501 41.9496034757192
14.0893020435634 41.9484108331917
14.0897932056992 41.947643030871
14.0901687034198 41.9466866880695
14.0902356050554 41.9454330362955
14.0906348950819 41.9447694398439
14.0918580784649 41.943386063495
14.0926683343432 41.9424174335665
14.0977435684578 41.9333048720564
14.0984145989858 41.9320895089221
14.0992271375902 41.9309399934886
14.1002464477189 41.9297058023615
14.1010724994129 41.9283774018587
14.1017954214315 41.9259247665643
14.101852939589 41.924464925802
