13.5614335176177 42.2619589021424
13.5626239552667 42.2611457401272
13.5636430886016 42.26027195664
13.5671915754781 42.2588537987127
13.569556258151 42.2572101601447
13.5847052215387 42.2509602062111
13.5882805904027 42.2509596410829
13.5894929464985 42.2504099489315
13.5996309549736 42.24541313213
13.6006884692369 42.2449971565214
13.601106903332 42.2447537645312
13.6016486662737 42.2445917016821
13.6021676306354 42.2442466885689
13.6059024155514 42.2427145765947
13.6082737630063 42.2425159824989
13.6113907188599 42.2419161349894
13.6133353485905 42.2410140959125
13.6147577777541 42.2410023848789
13.6151561417917 42.2409531851967
13.6148917783584 42.2372203316272
13.6170029583304 42.2332196917208
13.618184678854 42.2304936542395
13.6205640648963 42.2236565885146
13.6216964735201 42.2218193342411
13.62578979284793 42.22146880631237
13.6270314075814 42.22112538049641
13.62798228189745 42.22118210600173
13.62983166252351 42.22217136647881
13.63156531418529 42.22339429493757
13.6341313122431 42.2244802566895
13.6346125075409 42.2244741261717
13.6347709051057 42.2243814929512
13.6349247009823 42.2243396983039
13.6351362669347 42.2242840977455
13.6355300894499 42.2242558627042
13.6357489293896 42.2243320172722
13.6360122390691 42.2243280566796
13.6361379790583 42.2242328989722
13.6363112377259 42.2241475745848
13.6364820986856 42.2240637654423
13.6367224887881 42.2240179267383
13.6369426867953 42.224062208132
13.6371925091802 42.2240532836256
13.6373601772246 42.2239574396144
13.6375639643966 42.2239381464376
13.637790186663 42.2239311331476
13.6379814987044 42.223963905912
13.6381861992647 42.2239570124183
13.6384531426954 42.2239319339219
13.6386898003818 42.2238718840994
13.6388882875133 42.2238399098419
13.639081281995 42.2237839760852
13.6392274562881 42.2236775896438
13.6392315306647 42.2235611195755
13.6392277087782 42.2233920260981
13.6392256981854 42.2232339934558
13.6392470743416 42.223101081975
13.6392704183351 42.2229803921413
13.6393125971245 42.2228447771698
13.6394396662093 42.2227204104759
13.6395487747726 42.2226091507375
13.6396832148194 42.2225092035136
13.6397969013138 42.2223638349528
13.6399798459758 42.2222886754788
13.6401828818989 42.2222443354414
13.6403893230514 42.2222125975537
13.6406534202856 42.2221231810844
13.6408131537601 42.2220356814389
13.6409737582539 42.2219476252512
13.641154831896 42.2218600243596
13.641337684366 42.2217710594372
13.6415017875878 42.2217111412009
13.6417494129815 42.2216199417596
13.6421830114106 42.2214072833585
13.6423694603228 42.2213159399713
13.642598619694 42.2212688547941
13.6427857612627 42.221192494298
13.6429524014451 42.2210860206341
13.6431612185158 42.221054892476
13.6433907446092 42.2210387251752
13.6435167258734 42.220977793888
13.6437905802792 42.2209018243016
13.6440017683995 42.2208870632331
13.6442745972568 42.2208866387199
13.6445085461831 42.2208876892558
13.6447273937381 42.220781407386
13.6449021952214 42.2207202509723
13.6452428022717 42.2206102582221
13.6454551861 42.2205314915069
13.6455853694752 42.2204373955889
13.6458179182181 42.22032691203
13.6459857962541 42.220232269488
13.6462383814554 42.2201218992072
13.6464896486767 42.2200430679077
13.6466533962628 42.2200116235991
13.6468874169932 42.2199171706427
13.6470811913506 42.2198225614392
13.6472581947582 42.2196959954344
13.6474327623301 42.219585097017
13.6475873845392 42.2194896124587
13.6477881038487 42.2193775534522
13.6479832250665 42.2192819538071
13.6481874072044 42.2191371118196
13.6483261749502 42.2189921174828
13.6484488176194 42.2188295429148
13.6486270048044 42.218716260185
13.6488655954338 42.2186357005516
13.6490733392701 42.2186371729243
13.6492995563086 42.2185914838129
13.6495043102656 42.2185775759942
13.6497265806714 42.2185802712257
13.6499272260309 42.2185828653611
13.6501448317132 42.2185341551025
13.6503709945343 42.2184677078663
13.6505466626347 42.2183504588776
13.6507777342259 42.2182507506575
13.6509724902016 42.2181332605437
13.6511771669967 42.2179967967769
13.6513446993547 42.2178960302058
13.6514855314435 42.2178286420991
13.6520820216908 42.2174824754054
13.6523024539511 42.2174614962122
13.65252193326 42.2174566527119
13.6527179460548 42.2174383287199
13.6531082786075 42.2173245906817
13.6533032704435 42.2172434944951
13.6535412729353 42.2171450977211
13.653757282519 42.2170473713632
13.6539302676394 42.2169191926496
13.654145518179 42.2168211328049
13.6543375289868 42.2168016828959
13.6545926803629 42.2167817542792
13.6548461930455 42.2167776236997
13.655101136791 42.2167121814368
13.655314029052 42.2166635647337
13.6555433288961 42.2166916540834
13.6556270463505 42.2166906811724
13.67193208724 42.2155549716397
13.6728783860598 42.2153474824545
13.6734074451174 42.215142729712
13.6742493197139 42.2148981053509
13.6752891567263 42.2147407619501
13.6759825108829 42.2144041857862
13.6762801687665 42.2139692736339
13.6765479927501 42.2134069358465
13.6769822296784 42.2130616644439
13.6773467819436 42.2128198106963
13.6778858385677 42.2126578619893
13.6785771084617 42.2124269329361
13.6791214784517 42.2121216404601
13.6795852982091 42.2117844003383
13.6803880981585 42.211222306027
13.6809873745027 42.21072333935
13.6816273726319 42.2102239748587
13.6818168231847 42.2100252947215
13.6820059788605 42.2098235944799
13.6822145589656 42.209741255027
13.6826108786506 42.2094725861066
13.6829423292016 42.2092161761245
13.6831265471764 42.2090668410715
13.6833563551924 42.2089915787349
13.6834207167078 42.2087775781675
13.6835033379708 42.2086578403655
13.6836796684882 42.2085086372575
13.6840037101603 42.2082447508185
13.6841264231165 42.208016441069
13.6844030954256 42.2077672917289
13.6847591781398 42.2073854677428
13.6850331026629 42.2071689261432
13.6853410795526 42.2068851857748
13.6854855756546 42.2067158936237
13.6854628401331 42.2066072217051
13.6856642333939 42.2064723731563
13.6857967251819 42.2063383036225
13.6859470161106 42.2062837702234
13.6860672795156 42.2061261656422
13.6860847745108 42.2060648325238
13.6864893205132 42.2058263118217
13.6868614647697 42.2057254341488
13.6870713290377 42.2056408599816
13.6873800587958 42.2054230584834
13.6874886598274 42.2051941659138
13.6877364131494 42.2049382335844
13.6879197367504 42.2048042270853
13.6881350198339 42.2047658342617
13.688286596841 42.2047041478727
13.6884995990458 42.2045999504804
13.6886226884386 42.204420210495
13.6885817691385 42.2042063089158
13.6885376168216 42.2040122333566
13.6885943189827 42.2038830251763
13.6889375178765 42.2034894808633
13.6892913055107 42.2030469566496
13.6895542251263 42.202649656407
13.689530193425 42.2024943964123
13.6897926807024 42.2020401607933
13.6901988813213 42.2018226057946
13.6908292295059 42.2017321304975
13.6911219083524 42.2017196565724
13.6911507872603 42.2017256339486
13.6911665562276 42.2017216752762
13.6918255126603 42.2015128437051
13.6923242068552 42.2014530423073
13.6927710417928 42.201350973739
13.6929076556923 42.2012109276682
13.6929820796983 42.201105293461
13.6931996628463 42.2009428293961
13.6936221590425 42.2008172642028
13.6939216723839 42.2007625367592
13.6945952066765 42.2002449910625
13.6951178741796 42.2001452986196
13.6963218096029 42.1994198312218
13.6968770405542 42.1992573093717
13.6976454485762 42.1988301188811
13.698405172064 42.1984904077399
13.6989777987512 42.1980072726849
13.6990131631873 42.1980133369754
13.6991858533038 42.1976462297848
13.699888126296 42.1972268999734
13.7006956736766 42.1969570609306
13.7015996161744 42.19659886312
13.7021914877759 42.1962831248227
13.7029076358145 42.1956008887513
13.7030514306199 42.1954917873354
13.7035010220143 42.1953445028612
13.7040415443195 42.1951897460946
13.7048350301184 42.1951883998128
13.7049187350648 42.1951678291376
13.7055190714028 42.1948939217212
13.7061347870822 42.1948921060291
13.7067360760852 42.1950200763776
13.708276653433 42.1946154538929
13.7086212115673 42.1940131359256
13.7093426447057 42.1934916001584
13.7099263221991 42.1930962965956
13.7102506019947 42.1927142734359
13.7107228596088 42.1924754776733
13.7114098901903 42.1919250194493
13.7118040397839 42.1917291964532
13.7121911893681 42.1915425157453
13.7123304393212 42.1914752428989
13.7134281934446 42.190516460834
13.7136727928906 42.1899930768674
13.7136980694733 42.1897337252103
13.7136314660238 42.1895846209608
13.7135356065914 42.189184486801
13.7136741399284 42.1881958987988
13.7136339416653 42.1878287361449
13.7142886912187 42.1870100745343
13.7144290557828 42.1867528997063
13.7159954109588 42.1860911013984
13.7163107583449 42.1859393362252
13.7164255486285 42.1856785471115
13.7168201365014 42.1853452533636
13.7175676972629 42.1849776683023
13.7183171070392 42.1847983296542
13.7190056843394 42.1848142553001
13.7197742471076 42.1850248632017
13.7200934979413 42.1848391022196
13.7202552748467 42.1846751521957
13.7202111011307 42.1845538410511
13.7202966089302 42.1843405642113
13.7207741871676 42.183795826152
13.7214981629559 42.1834288148486
13.7216558885134 42.1833906977565
13.7221287553974 42.1833519100287
13.722284252736 42.1832326137721
13.7223248744215 42.1830840373015
13.7224989414579 42.1829550018863
13.7230346730021 42.182763979069
13.724185338218 42.1827494829124
13.72432771362 42.1828365299351
13.7245408241808 42.1828518220629
13.7253990024922 42.1827869812176
13.7256498255846 42.1828287606618
13.7260239205094 42.1828579523656
13.7264469644349 42.1828715323904
13.7269260321688 42.1827420429719
13.7276122209675 42.1825254077979
13.7280287596242 42.1825099953521
13.7282120937782 42.1823941965553
13.7283596093471 42.182091350252
13.7285852984352 42.1818484228439
13.7286810751124 42.1815607481522
13.7289542316388 42.1813880139719
13.729068382225 42.1813704361223
13.7293249650662 42.1812768121604
13.7294863619397 42.1812299927295
13.7295813077827 42.1811701592122
13.7300845873097 42.181201349277
13.73048581611 42.1811930572277
13.7315148275372 42.1809280187794
13.731924900119 42.1808200245972
13.7325972867973 42.1804755505887
13.7331347236848 42.1802908254832
13.7348725330441 42.1784976636583
13.7355532899399 42.1777996810757
13.7363443979527 42.1767104442549
13.7373580632236 42.1758456652652
13.7380645435588 42.1756005021671
