13.312522505 42.3948166549938
13.3154832469999 42.3948319609938
13.316994083 42.3947938489938
13.318918007 42.3946835999938
13.321520132 42.3943434119938
13.322576977 42.3941509459937
13.324468708 42.3935808019938
13.325271916 42.3933613619938
13.325820066 42.3932506639938
13.32651505 42.3932203979938
13.327356402 42.3932677459939
13.32921469 42.3932803699939
13.329862774 42.3934033949938
13.33147586 42.3934359529939
13.332556551 42.3932166079939
13.3329190789999 42.3931357319939
13.334062997 42.3925511969939
13.335109967 42.3920371219938
13.336149529 42.3914726149939
13.337595216 42.3910108779938
13.338983726 42.3905463799939
13.340622262 42.3900552599939
13.342253275 42.3893816789939
13.34343574 42.3887969959939
13.344615028 42.388050102994
13.345283617 42.3876851319939
13.3468990244896 42.3870451064644
13.3482068931185 42.3865994284007
13.350038596 42.3859752089939
13.350591456 42.385503349994
13.3520932579999 42.384742789994
13.353353157 42.383941576994
13.354488565 42.382799665994
13.355937571 42.3820392149941
13.356533105 42.381293679994
13.357466694 42.380688341994
13.357884696 42.380290496994
13.358841241 42.379544920994
13.35907169 42.379358126994
13.360132299 42.378807298994
13.3609159910001 42.378528069994
13.361727152 42.3782801319941
13.362281651 42.377972308994
13.363190678 42.377235025994
13.36384684 42.376858907994
13.364652343 42.376115349994
13.365548031 42.3755996709941
13.366941268 42.3746985089941
13.369340158 42.373565581994
13.371729246 42.3727075819941
13.373932779 42.3719000099941
13.375279992 42.3716005159941
13.376493892 42.3714661909941
13.377759707 42.3712755469941
13.378240191 42.3712320129941
13.379903251 42.3713562259941
13.380663477 42.3715686139942
13.381022352 42.3717427589941
13.381591862 42.3718104899941
13.382102306 42.3718218539942
13.382713605 42.3718629499942
13.383035319 42.3719243369942
13.384059632 42.3720784759942
13.385016525 42.3722056559942
13.3907809619013 42.372690689994
13.394032321437 42.3738171160883
13.3990716624692 42.3744917398209
13.4057627414924 42.3734827872942
13.4137981968809 42.370914668581
13.4195052193206 42.3707850083445
13.4238339091369 42.3706965436019
13.4247189595244 42.3709109653165
13.4253177883304 42.3710569680146
13.4280242110023 42.3724407592468
13.4285350332187 42.3725299144211
13.4291302842411 42.3725885238849
13.4305172401808 42.3723897633787
13.4349518718013 42.3719644741281
13.4404981546883 42.3713853628522
13.4440818034445 42.3698815409148
13.4590612873579 42.3706225216769