13.25344562795 42.2614618903981
13.2540333754064 42.2605020880684
13.2547137724013 42.2595689980122
13.2553095490785 42.2585848711516
13.2558239893607 42.2579075112488
13.2566918326193 42.2571396707057
13.2573298174371 42.256259623084
13.2578008611291 42.2552466697492
13.2583698678736 42.2548064730079
13.2590149770578 42.2534354443204
13.2600715550442 42.2520541188656
13.2607735307844 42.2495705699722
13.2605813309024 42.2484235536043
13.2606623387211 42.2465153779307
13.2630518555065 42.2441297161662
13.263776873775 42.2426893053052
13.2641712234102 42.2404927305977
13.2641405372002 42.2393549530572
13.2645794785811 42.2376182226372
13.2648323991207 42.2364100596239
13.2652732681806 42.2348953212558
13.2656788259194 42.2338529921349
13.2666039769709 42.2329480852886
13.2642398896683 42.2306023049122
13.2648302074977 42.2295340368605
13.2654785488236 42.2287943114994
13.2663131011304 42.2282085644567
13.2667228141592 42.2270716276656
13.2670606225979 42.2264489124077
13.2673214364964 42.226208432807
13.2678022334167 42.2257146843328
13.2684138782275 42.2252917448188
13.28224845843211 42.1951885613243
13.28527390926405 42.19061747172948
13.28972147094252 42.18631448281235
13.2902660918165 42.1853208641137
13.2923604640608 42.1841281850864
13.2932193369324 42.1833866271554
13.2940239736396 42.182618941974
13.2952763197844 42.1816918057609
13.2959270041353 42.181239582515
13.2967912648325 42.1806876449422
13.2977864769255 42.1802422303881
13.2991244266436 42.1796294930638
13.3000261549415 42.178979560098
13.30056894349 42.1787178124617
13.3009833070699 42.1784574077324
13.3015853356017 42.1778699877219
13.302191997172 42.1772799612988
13.3031870283958 42.1763147944072
13.3038352931668 42.1759327624222
13.3051218222951 42.1749375323888
13.306345520499 42.1741396179624
13.3070045512654 42.1735175620195
13.3085564155342 42.1723173213632
13.3091253082544 42.1716358932754
13.3098969798521 42.1709560587566
13.3104394614618 42.1703989515609
13.3111227801447 42.1701171067171
13.3115300522133 42.1700535321478
13.3121709149517 42.1695477313008
13.3129851792466 42.1688482998009
13.313288162788 42.1685253757177
13.3138166267034 42.1681084170738
13.314425306398 42.1676624129227
13.3149594278248 42.1673659902727
13.315639113184 42.1669640423216
13.3165672711706 42.1663317851384
13.317894490179 42.1657753188206
13.3186673921209 42.1651896735541
13.3193636413351 42.1645195249809
13.3198507380343 42.1639833200707
13.3201513657716 42.1634524506887
13.3208030215064 42.1623782006207
13.3214797918178 42.1616027008614
13.3228420564068 42.1605060604367
13.3240045930197 42.1601275635977
13.3250899370032 42.1597583089722
13.3262324659755 42.1590711102471
13.3269998399829 42.1588060309083
13.3276423946543 42.1585488912134
13.3285566968498 42.1582555393472
13.3294440721694 42.1577751768911
13.3302414010036 42.1574819714352
13.3311352600221 42.1572810950136
13.3321950852224 42.1568459940924
13.3327825577634 42.1565111607784
13.3329137660649 42.1564348697159
13.3333219125578 42.1562028539741
13.3341304452542 42.1558425747722
13.3345528006881 42.155501324179
13.3346591613493 42.1554210850221
13.3355725020096 42.1550652422184
13.3367138089106 42.1548506245117
13.3369424243331 42.1547829309328
13.3376836468841 42.1545239908387
13.3387022699165 42.154231400805
13.3392282623233 42.1537773535483
13.3397624319874 42.1535623847992
13.3405124412241 42.1530519296978
13.3407141882635 42.1529338735469
13.3413927766178 42.152508626242
13.3426749908076 42.152088374167
13.3440464293014 42.151094688229
13.3448395147668 42.1500700406053
13.3455497771447 42.1492479068552
13.3462601705282 42.1479167526212
13.3463972219241 42.1469764372095
13.3467813412286 42.1464885707944
13.3474804738979 42.1459064484407
13.3480613073871 42.1453309829173
13.3488833513341 42.1449914607465
13.3493735117325 42.1447479733238
13.3499016668535 42.1437976798758
13.3504689261873 42.1434002739227
13.3510190381536 42.1427938712849
13.3511293969477 42.1427359250688
13.3515664480121 42.1425448856592
13.3519447356152 42.1418839100908
13.352043084196 42.1417783286457
13.3527326272363 42.1410177058923
13.353381045983 42.1404311074521
13.3616575908253 42.1368478998031
13.3625147281546 42.1363069650137
13.3632249206131 42.1357667818869
13.3637026888611 42.1352937498655
13.3641411722712 42.134524692678
13.3642720364782 42.1344676429703
13.3647909520234 42.1342167036214
13.3656717686065 42.1337611517643
13.3666374360873 42.1333721274938
13.3676834357905 42.1330117450649
13.3677477565381 42.1330120335623
13.3684031071607 42.1327875495067
13.3684668841699 42.1327639194694
13.3697908372658 42.1319233499018
13.3707749177778 42.1307614329405
13.3712828799262 42.1302720975124
13.3718511443552 42.1299357382793
13.3719546859863 42.1298832316706
13.3728347212257 42.1292139494396
13.3730747408227 42.1290348936796
13.3741552649786 42.1279729343166
13.3747503088167 42.1273245895729
13.3753321064539 42.1264457234844
13.3766910733235 42.125390421791
13.3769087653203 42.1252691695596
13.3795178445612 42.1235188200934
13.3797965552432 42.1233724077859
13.3831606442216 42.1216374022473
13.3832373774979 42.1215876253159
13.3850095362306 42.1207134052781
13.3855187100712 42.1205554584065
13.3922381811682 42.1156257234596
13.3948171458104 42.1135425669512
13.3949584963832 42.1131622322007
13.3983019798038 42.1095235766039
13.4003538247167 42.1075651565408
13.4004601242552 42.1074868421974
13.4031548198246 42.1052523856622
13.40748251049 42.1050857449889
13.4086964774446 42.1053430217788
13.4118230502039 42.1052529646119
13.4122757689744 42.1047580293052
13.4127624680456 42.1044097920403
13.4140676023383 42.1036739000484
13.41539159861 42.1030709697514
13.4164552399154 42.1023530932511
13.4181227915652 42.1009636699285
13.4185216510764 42.1006266171536
13.4200516958058 42.1001396653194
13.421971267072 42.1000079797765
13.4234355894523 42.0999834203528
13.4250213787781 42.0995290907538
13.4264633991721 42.0992990185159
13.4283529060653 42.0989190208211
