13.1015873500366 43.013115323823
13.107750150554 43.010623715786
13.1080329268681 43.0105466419005
13.111722196136 43.0095410093798
13.1129573052311 43.0087625687117
13.113623265128 43.0080358312549
13.1143157341521 43.0070104671927
13.1152344961109 43.0061058661514
13.1160097594542 43.0055268651347
13.1172466034389 43.0041886620903
13.1173384254868 43.0040196031742
13.1174080966029 43.0038507035932
13.1176389916778 43.0029413032211
13.1181924120762 43.0017923751618
13.1189039299149 43.0013146146976
13.1191660884948 43.0011823643059
13.1195624491459 43.0009921752159
13.1200009315525 43.0008337177706
13.1201236213624 43.0007735005177
13.1204488190749 43.0006000459477
13.1206357570469 43.0004997011415
13.1209188408607 43.0003723082697
13.1210947536558 43.0002589288516
13.1216389854239 42.9999775718819
13.1227248440156 42.9994341328602
13.1235067003927 42.9991475734328
13.1248798391993 42.9986414731227
13.1255860320611 42.9982991843971
13.12637808617379 42.99784041902195
13.12466793189024 42.9946327953873
13.1257996321773 42.9926168485109
13.1261570852883 42.9919398058526
13.1264996693531 42.9911904443972
13.1268177832257 42.990966183923
13.1271910010224 42.9903789953738
13.1274500010222 42.9903809953739
13.1277070010223 42.9902739953739
13.1282670010221 42.989887995374
13.1288130010217 42.9897869953739
13.1291471083014 42.9896423387403
13.1293284197849 42.9893559889047
13.1294055516966 42.9889552948637
13.1297677924002 42.9882013665915
13.1299525009659 42.9876647534119
13.1305098792476 42.9871013015914
13.1310279335523 42.9865775906617
13.1314590219684 42.9861824069711
13.1320756820047 42.9859191196343
13.1322962869842 42.9857948714422
13.1325165692369 42.9855180101834
13.1325945498718 42.9852811984673
13.1330873703875 42.9851167507425
13.1335805374509 42.9848681904751
13.1340996028932 42.9845814450288
13.1344627009535 42.9842662622724
13.1348908767916 42.9840082329738
13.1351170010194 42.9840079953757
13.1353110010192 42.9838989953759
13.1356650010192 42.9837019953759
13.135792001019 42.9835279953758
13.1360458392748 42.9834059765371
13.1362276182846 42.9833580726353
13.1365262797923 42.9832909549713
13.1367730366962 42.9832525124221
13.137045568393 42.9831186558048
13.1371590010186 42.9830499953761
13.1372780010185 42.9828859953762
13.1373040010186 42.9827899953761
13.1373970010184 42.9826819953762
13.1376040010183 42.9825589953763
13.1376600010184 42.9824929953763
13.1377893354832 42.9817350131596
13.1378655772342 42.9815414974538
13.1382829919459 42.9814457410463
13.1384798434483 42.9811638296735
13.1389565335565 42.9807537655424
13.1393456287597 42.9803369610323
13.1396379225556 42.9797305508755
13.1399575467601 42.9795690984811
13.1402517493154 42.9793904432048
13.1404771053265 42.9790233721516
13.140816844151 42.978309464571
13.1412612953961 42.9773362185259
13.1415888177103 42.9771000014872
13.1416624524331 42.9768244889047
13.1417414651731 42.9766749590058
13.1423261224113 42.9760868207602
13.1427738673422 42.9755882941649
13.1431564344457 42.9749982647228
13.1431827300662 42.9745148518915
13.1431312740219 42.9737714549173
13.1550986809182 42.974222980702
13.1561545866176 42.97339191788
13.1565910010113 42.9730629953793
13.156988697575 42.9726325418066
13.1570450010113 42.9725199953794
13.1571610010112 42.9724329953793
13.1571780010111 42.9724079953794
13.1572410010112 42.9723459953795
13.1572069537111 42.9722566740608
13.1572030010111 42.9721999953795
13.157347001011 42.9720919953795
13.1574200010111 42.9720499953796
13.157471001011 42.9720169953796
13.157572001011 42.9719839953796
13.1576690010109 42.9719539953796
13.1578950010108 42.9718919953796
13.1579238449973 42.9718858542981
13.1579374477168 42.9718715282976
13.1579675918908 42.9718493107146
13.1580203144097 42.9717873454826
13.1580830010108 42.9717349953795
13.1581130010107 42.9717009953796
13.1581950010107 42.9716199953796
13.1582309842112 42.9715346558458
13.158301922546 42.9714346423941
13.1584348647175 42.971247210938
13.1586190010106 42.9707909953799
13.1586101178646 42.9707852136088
13.1587147609907 42.9706293455686
13.1587582089478 42.9704412656208
13.1588295410753 42.9700499127586
13.1587988269742 42.9697645528251
13.1587263220373 42.9694319566287
13.1587390010104 42.9690079953805
13.1590233844309 42.9687082942756
13.1590404740105 42.9686454683806
13.1589500010104 42.9680799953808
13.1589530010072 42.9679839953857
13.1591050010072 42.9678329953858
13.1592260010071 42.9676719953858
13.1593640010103 42.967583995381
13.1596573840382 42.9672724084378
13.1598288209905 42.9670364365065
13.1598920010069 42.966946995386
13.1599370010099 42.9668799953811
13.15989800101 42.9668019953811
13.1599000010099 42.9667129953812
13.1598860010101 42.9666469953811
13.1599129606444 42.9665467609167
13.15990117471 42.9664662898189
13.1599975277935 42.9662527518425
13.1600240010099 42.9661859953814
13.1600492249655 42.9661525276094
13.1600990010099 42.9661079953813
13.1602060010098 42.9660589953814
13.1602274699393 42.9660187450126
13.1602066455845 42.9659136801907
13.1601600010098 42.9658549953814
13.1601660010098 42.9657939953814
13.1602370010099 42.9657379953815
13.1603010010098 42.9655919953815
13.1603350010097 42.9654859953815
13.1604174849505 42.96540802558
13.1605030010096 42.9653709953816
13.1607570010096 42.9653269953815
13.1608480010096 42.9652169953816
13.1608630010097 42.9651049953817
13.1611747992548 42.9648987517907
13.161955429336 42.9638921035829
13.1619680030241 42.9637829861511
13.1620040030272 42.9636989861462
13.1621362403589 42.9633378508183
13.1622537058954 42.9629391138623
13.1623076431505 42.96280101093
13.1625586173901 42.9624454375772
13.162683 42.962315
13.162769 42.962236
13.162895 42.962137
13.163055 42.961983
13.163886 42.961487
13.164073 42.961462
13.164519 42.961393
13.1649513220893 42.9607845713805
13.1650287928497 42.9606127699558
13.1650767609882 42.9603337029109
13.1651852091916 42.9595445982064
13.165246860055 42.9594318903153
13.1651655363607 42.9584644188157
13.165061 42.958035
13.165071 42.957839
13.164885 42.957524
13.16465 42.957284
13.164417 42.957184
13.164376 42.957049
13.164268 42.956858
13.164303 42.956756
13.164185 42.956575
13.164122 42.956279
13.164152 42.956024
13.164075 42.95576
13.163874 42.955537
13.163603 42.955254
13.163553 42.955073
13.163343 42.954744
13.163157 42.954347
13.16297 42.954133
13.1627109492008 42.95374318817
13.1626050392865 42.9536459770646
13.1623300158049 42.9533935404979
13.16093257038486 42.951811396234
13.16080156890973 42.95118039638891
13.1592266094342 42.9468766080233
13.1595222109913 42.9451582649974
13.1598884944666 42.9446088193662
13.1601217339335 42.9441302384198
13.1603543072996 42.9436530164132
13.1606362871523 42.9430744057568
13.1609047579216 42.9425235044927
13.1611086952281 42.9421050187551
13.1610712073707 42.9419129031582
13.161033699159 42.9417206820462
13.1610000020167 42.9415479907774
13.1610209428522 42.9412663943374
13.1609321431234 42.9410120584807
13.1613010120684 42.9402043429513
13.1615008632092 42.9397667178955
13.161727999389 42.9392693373684
13.1620855154614 42.9387372102444
13.1623112296268 42.9381645843668
13.1626671927545 42.9377587003593
13.1630229658297 42.9372812764612
13.16324891385 42.9368040333825
13.1635723464943 42.9363743455851
13.1638490978751 42.9361021357705
13.1642919521751 42.9354659137716
13.1646194246908 42.9350278704834
13.1646878456498 42.9346809172236
13.164942687293 42.9344158138919
13.1660259516489 42.9337309137584
13.1663039515648 42.9332779137548
13.1665449514917 42.9329949137525
13.1669019513834 42.9327029137506
13.1673259512548 42.9323999137483
13.1678269511026 42.9320059137453
13.1680157034011 42.9319727103448
13.1682178280254 42.9319242111963
13.1684829509033 42.931935913745
13.1692857936934 42.9318982027523
13.1697013719259 42.9318004767122
13.1698989504729 42.9316699137435
13.1701039504108 42.9313609137411
13.170476950298 42.9308779137374
13.170776950207 42.930429913734
13.1718629498777 42.929239913725
13.1724599496965 42.9288689137223
13.1726636607769 42.9281605019246
13.1725643858613 42.9274595638079
13.172601794637 42.9269015015892
13.1728359495837 42.9266029137041
13.1727859495991 42.9264539137031
13.1726750799186 42.9262727215499
13.1724218779542 42.9259001641286
13.1725338103567 42.9258116057103
13.1732180020067 42.9256939907871
13.1736510020066 42.9257429907871
13.1740540020062 42.9254939907873
13.1741620020061 42.9253899907873
13.1742120020061 42.9250929907875
13.1744210020058 42.9248099907876
13.1744100020059 42.9246569907877
13.1745400020058 42.9243879907879
13.175430002005 42.9238029907883
13.175580002005 42.9236399907884
13.1758150020048 42.9232849907886
13.1759710020046 42.9223599907891
13.1761730020044 42.9217479907894
13.1763560020044 42.9215969907896
13.1763361231707 42.9213513472422
13.1762420020044 42.9211709907898
13.1762660020043 42.92103599079
13.1761530020043 42.92089599079
13.1760500020044 42.92087699079
13.1759280020045 42.92081299079
13.1759236278207 42.9206219697528
13.1760670020044 42.9204369907901
13.1771200020036 42.9200379907905
13.1785350020026 42.9194579907909
13.1787943614152 42.9193453128842
13.1792802037309 42.9192394963642
13.179389383771 42.9192348514723
13.1794996826017 42.9192287198754
13.1795774811197 42.9192035610698
13.1796162935382 42.9191605774508
13.1796534938307 42.9191211732851
13.1796809365091 42.9190734378758
13.1797250020018 42.9189409907913
13.1797780020016 42.9188369907913
13.1798943031731 42.9186422991472
13.1799684268872 42.918588909216
13.1801749040443 42.9184626827576
13.1804675813574 42.918411672319
13.1807141596269 42.9184089052705
13.1808958539171 42.9184086231643
13.1811750020007 42.9183959907916
13.1813272472446 42.9183626437973
13.1814763790605 42.91832187236
13.1816210020004 42.9182409907918
13.1817550991281 42.9182141282151
13.1818589241129 42.9182139661182
13.1819733933789 42.9181941076612
13.1819856855474 42.918188838613
13.182035845232 42.9181817710852
13.1820490020001 42.9181809907917
13.1820728028391 42.918171340059
13.1820810608563 42.9181659616742
13.1820861383732 42.9181546862418
13.1820850020001 42.9181349907918
13.182095360843 42.9181126065129
13.1821200019999 42.9180889907918
13.1821448736519 42.9180681745005
13.1822042137182 42.9180560987782
13.1822160020001 42.9180529907918
13.1822867696442 42.9180362912166
13.1823353240696 42.9180248334323
13.182455329845 42.9180103375375
13.1826467496127 42.9180076528042
13.182831728841 42.9180216704523
13.1834589603953 42.9179924942962
13.1838349901094 42.9178774378378
13.1838646028648 42.917863224178
13.1839752650166 42.9177196920267
13.1840196415237 42.917639139794
13.1840963843727 42.9175317090039
13.1841691062551 42.9174362077947
13.1842600019986 42.9173079907923
13.1843020019984 42.9172729907923
13.1844080019984 42.9172469907923
13.1844610019982 42.9172469907923
13.1846580019981 42.9172339907923
13.1847080019981 42.9172239907924
13.184776001998 42.9172179907924
13.1848690019981 42.9171979907924
13.1850078992729 42.9171904509672
13.18541785665486 42.91709782227053
13.1856106472447 42.9170829154706
13.18590767053628 42.91693131183726
13.18604141360924 42.91681551671677
13.18609295056742 42.91661952451769
13.18610864509619 42.91638765979866
13.1861294137668 42.91625905731502
13.18619818624383 42.91614981600871
13.18648598228861 42.91608636297426
13.1868196283636 42.9160028013073
13.186957151927 42.915989226509
13.1871090145002 42.9159623023094
13.1872370019962 42.9159119907932
13.1873980422256 42.9158709542032
13.1875432609577 42.9158268427123
13.1876365348663 42.9157713683971
13.1876987306623 42.9157388368173
13.1877817645907 42.9157310720402
13.1878362306736 42.9157176301117
13.187911369721 42.9156736311815
13.1879657217216 42.9156220348536
13.1880107764582 42.9155584310881
13.1881648407928 42.9155125049112
13.1885518225835 42.9154589305597
13.1886711130768 42.915424398264
13.1887878193819 42.9153936854879
13.189143145829 42.915307261175
13.1894268130792 42.915213512234
13.1895190019946 42.9151549907937
13.1895939035176 42.9151045018059
13.1896369291831 42.9150024725914
13.1896896180405 42.9148775280199
13.1897240019916 42.9147959907987
13.1898250019944 42.914754990794
13.1899933596 42.9146829025237
13.1902210364503 42.9146329243281
13.1904070019911 42.9146459907989
13.1905203058882 42.9145705577764
13.1906304871932 42.9144972033639
13.1908162897718 42.9143735026305
13.1909313079947 42.9142812791834
13.1911440019906 42.9142589907991
13.1913310019905 42.9142179907991
13.1914390019904 42.9141579907991
13.1915602928826 42.9140119448418
13.191644566995 42.9139758578275
13.1919579409928 42.9138317147946
13.1924524523592 42.9136025166836
13.1927588629674 42.9133128422537
13.1933215567996 42.9130423163517
13.1941580019912 42.9128189907951
13.1944231128456 42.9125076707743
13.1954774304815 42.9117909044445
13.1956866822586 42.9112321173807
13.1961102901814 42.9108264364989
13.1964006327649 42.9104849397953
13.1966500019892 42.9100839907968
13.197052779989 42.9097861017971
13.1972340411897 42.9095125651263
13.1974693359629 42.9092021320548
13.1974693349686 42.9092021366561
13.1977346645512 42.9088520732558
13.1982515401583 42.9081701187556
13.1989400419104 42.9072616975819
13.2000740033194 42.9057654623364
13.2008950745991 42.9046820262759
13.2016364925216 42.9040502371866
13.202336760928 42.9034534969416
13.2028341925179 42.9030295959387
13.2034431650331 42.9025106309754
13.2040918919187 42.9019577743767
13.2040918919187 42.9019577743767
13.2043578060168 42.9016781258502
13.2046248011347 42.901296999269
13.2047500563358 42.9011626411273
13.2049765287348 42.9010449437463
13.205141965886 42.9010140579467
13.2053126483496 42.9008576043258
13.2054777651547 42.9005145160235
13.2055706198392 42.900392137505
13.2055937881672 42.9003040285354
13.205804972332 42.9001443133959
13.2059556874282 42.9001220488557
13.2063723182775 42.9000568645469
13.2065788722106 42.8999879387801
13.2068222616551 42.8999164392076
13.2069723564879 42.8998504461747
13.2071090009879 42.8998209954064
13.2073063462022 42.8997784615395
13.2076354117017 42.8996403606559
13.2081472761146 42.8994885716387
13.2084070777363 42.8993513898195
13.2086165022543 42.8991713293471
13.2088374627352 42.8989368543508
13.2089308168567 42.8988659244929
13.2089549750623 42.8988152067493
13.2167917015434 42.8981310173487
13.2168526407692 42.8980232786898
13.2170670019742 42.8978849908044
13.217140001974 42.8978399908044
13.2172980019739 42.8977849908044
13.2173560019738 42.8977529908044
13.2174110019737 42.8977319908045
13.2175930019739 42.8976689908045
13.2177400019736 42.8976439908044
13.2178050019735 42.8976489908045
13.2178720019735 42.8976169908045
13.2179600019735 42.8975929908045
13.2180530019734 42.8975639908045
13.2182064886164 42.8975411725973
13.2182690019733 42.8975279908046
13.218417001973 42.8974979908045
13.2184790019731 42.8974849908046
13.218632001973 42.8974419908047
13.2187940019729 42.8974089908046
13.2188430019727 42.8974059908047
13.2188880019728 42.8973889908047
13.2190150019728 42.8972979908047
13.2190800019727 42.8972319908048
13.2190960019727 42.8971919908048
13.2191050019728 42.8971529908048
13.2191520019725 42.8970909908047
13.2191670019725 42.8970499908049
13.2191810019727 42.896974990805
13.2191900019725 42.896875990805
13.2191990019725 42.896802990805
13.2192230019725 42.8967049908051
13.2192380019724 42.8966499908051
13.2193300019724 42.8964709908052
13.2193670019723 42.8964289908052
13.2194160019724 42.8963629908052
13.2195160019723 42.8962739908054
13.2195520019724 42.8962639908054
13.2196260019722 42.8962409908054
13.2196730019721 42.8962209908054
13.2197840019722 42.8962009908054
13.219903001972 42.8961949908053
13.2200343080436 42.8961832339866
13.2201560019719 42.8961919908054
13.2202140019717 42.8961919908054
13.2202940019716 42.8961949908055
13.2204150019715 42.8961879908054
13.2205590019714 42.8961589908056
13.2206770019715 42.8961589908054
13.2208440019714 42.8961409908055
13.2208710019712 42.8961209908055
13.2210440019711 42.8960139908055
13.2211080019711 42.8959509908056
13.2211260019712 42.8959049908056
13.2211420019712 42.8957769908056
13.2211420019712 42.8957399908057
13.2211520019712 42.8956839908058
13.221188001971 42.8956479908057
13.2212000019712 42.8955209908058
13.2211970019709 42.8954019908059
13.221211001971 42.895293990806
13.221201001971 42.895185990806
13.2212360019709 42.8951159908061
13.221255001971 42.8949349908062
13.221257001971 42.8948659908063
13.221274001971 42.8948379908062
13.2212820019708 42.8947799908063
13.2213060019708 42.8946499908063
13.2212587028686 42.8944457202341
13.2212139589709 42.8941226268068
13.2212514629709 42.8939381238069
13.221314391727 42.8937655427207
13.2214126011407 42.8935510279175
13.2215031359707 42.8934002338072
13.2216345750756 42.8931481606723
13.2217521739705 42.8928872358075
13.2218270238114 42.8927779761491
13.2219304271819 42.8926016149931
13.2219894679703 42.8924728688077
13.2220275519701 42.8922687678077
13.2220363042392 42.8921817694099
13.2220450019701 42.891927990808
13.2220020019701 42.8916149908083
13.2219040019702 42.8914629908083
13.2219020019702 42.8912809908084
13.2218770019701 42.8911139908085
13.2218910019701 42.8910079908086
13.2219330019701 42.8908889908086
13.22227600197 42.8905909908087
13.2223070019697 42.8904699908089
13.2224000019697 42.890256990809
13.2224146729746 42.8901658552664
13.2224339329697 42.8901122378091
13.22225677333456 42.88987547337563
13.2222673315036 42.88977615795579
13.22237895270115 42.88947972025988
13.22240089328374 42.88934946635631
13.2224710019696 42.8891769908097
13.2224710019696 42.8891769908097
13.2225490019696 42.8889709908098
13.2226150019694 42.8888669908098
13.2227420019693 42.8887689908098
13.2228460019692 42.88866799081
13.2229180019692 42.8886069908101
13.2231263230098 42.8884999481157
13.22338381370372 42.88830018578295
13.22343046704011 42.88827750043286
13.22343903593844 42.88810206971809
13.2233960019688 42.8878339908104
13.2233690019689 42.8877139908105
13.2233120019688 42.8875589908105
13.2233015513754 42.8873482372824
13.22329434555313 42.88726112243863
13.2255544909756 42.8863191699662
13.2258460029503 42.8860669862173
13.2259030029504 42.8858919862175
13.2259800029502 42.8856613751066
13.2259540029502 42.8856089862177
13.2260610029499 42.8854169862179
13.22618300295 42.885256986218
13.2262720029498 42.8850499862182
13.2264150029497 42.8845059862187
13.2264540029496 42.8843799862188
13.2265900029495 42.8836229862195
13.2266680029491 42.8832649862198
13.2266870029493 42.8829259862201
13.2266270029491 42.8827049862203
13.226670002949 42.8825349862205
13.2266350029492 42.8822809862207
13.226730002949 42.8819889862209
13.2267460029489 42.8817079862212
13.2268350029487 42.8814699862215
13.2268930029488 42.8811349862218
13.2270220029484 42.8808179862221
13.2270781539232 42.8807328123134
13.2271467059484 42.8804035292225
13.2273412333169 42.8793670132113
13.227693725374 42.8790563228359
13.2280020729472 42.8785812602241
13.2282741529469 42.8778992942247
13.2283356879467 42.8773877142252
13.2281890339469 42.8764140522261
13.2281698986611 42.8761433219011
13.2284029733897 42.875993792303
13.2292180029455 42.8749969862273
13.2297750653323 42.8744374362566
13.2301230029444 42.8738209862284
13.2302090029443 42.8736439862285
13.2308484519437 42.8729977062292
13.2311506809431 42.8726741772295
13.2314817689428 42.8718653992303
13.2316311989425 42.8714615372306
13.232054044942 42.8707452292312
13.2323710789416 42.8702007692316
13.2267705285073 42.870755192199
13.2267773215168 42.8705719242879
13.2266777262021 42.8703896276895
13.2263607534023 42.8694263383912
13.2263865357826 42.8690395513806
13.2265054838091 42.8686386663246
13.2266907419382 42.8683574122055
13.226652835344 42.8682190601784
13.2266660230653 42.8679543265973
13.2266410409561 42.8678287342506
13.2266845311518 42.8675264987515
13.2269313646631 42.8671733031965
13.2273259776753 42.8666077412346
13.2277001826453 42.8659376469797
13.227797983232 42.865738438901
13.2278176259395 42.8656328364215
13.2282735277639 42.8649314989278
13.2284527037686 42.8646118689835
13.228634252609 42.8643891190366
13.2287984149807 42.8641993217961
13.2289850116755 42.8636284375462
13.2292995292275 42.8633306843227
13.2296836477352 42.8631188663683
13.230091137524 42.8629732181442
13.2304588362066 42.8628732771184
13.2307276982468 42.8625724412099
13.2308915373032 42.8620557359383
13.2309736897541 42.8617576401441
13.2313540892212 42.8613796298359
13.2317524983044 42.8607898642558
13.2314045750915 42.8594531332876
13.2322411854503 42.8580732895219
13.234705715849 42.8548904602216
13.2355124892704 42.8513185192117
13.24194363772327 42.8480329887265
13.24779111399423 42.84644526175327
13.24783818224998 42.84605825402672
13.24782245165182 42.84566272416357
13.24790214839812 42.84512842111593
13.24784508500339 42.84467546843998
13.24800010092952 42.84420556451418
13.24791639567837 42.84408184380739
13.24793548664326 42.84374701663502
13.24774660150539 42.8434607960824
13.24779620259489 42.84311967168238
13.24783664899128 42.8424917223787
13.24799488507436 42.84228873206681
13.24785411137486 42.84177520523836
13.24824632924622 42.84131488419958
13.24832323236931 42.84099229445777
13.24805649228241 42.84030705047415
13.2484786287673 42.83935188035357
13.24889996258949 42.83905272034442
13.24902182712627 42.83868869238047
13.24906249618605 42.83849178545335
13.24884506400301 42.83809600434922
13.24889967899446 42.83768712931518
13.24913777301688 42.83722984235472
13.24914655879856 42.83681824160722
13.24907046827498 42.83635328522097
13.24902907901954 42.83603676869922
13.24918740907396 42.83566631924988
13.24906755490148 42.83439517670849
13.24902281216854 42.83405381010879
13.24883845997945 42.83360927432147
13.24879909712475 42.83338755991297
13.24861757781719 42.83305624131182
13.24829259065872 42.83272279153925
13.24817171564394 42.83239923797818
13.24815403051127 42.83182640685424
13.24800800790562 42.83158553976807
13.24800218271045 42.83141698682053
13.24692645886969 42.83081783871724
13.24701457963835 42.83021822465238
13.24698978223104 42.82960967796487
13.24706557915036 42.82919302330341
13.24717659413317 42.82890846714469
13.2472676663466 42.8285619757596
13.24734303846259 42.82835421046401
13.24738837622627 42.8280735799235
13.24717483791352 42.82779595683632
13.24679789590711 42.8273108839877
13.24651226649119 42.82693165851846
13.24624289064193 42.82676581065753
13.24626445053971 42.82664026184992
13.2462458924775 42.8262916533446
13.2463531123049 42.8260356998688
13.2464927085287 42.825722818413
13.2465395540728 42.8256358614737
13.2466626350437 42.8255247771075
13.2468507789034 42.8252163068714
13.2470925070679 42.8249249743445
13.2477147846917 42.8242354871079
13.2477442524876 42.8239209812756
13.2478720261229 42.8236753684499
13.2480349828307 42.8234009035129
13.2484380001294 42.8225723696282
13.2484538140635 42.8224991593465
13.2485009651409 42.8224509851688
13.2486766313888 42.8221301778644
13.2489072288545 42.821876134942
13.2492418407454 42.8216338831187
13.2494771168212 42.8214493240634
13.2497365594089 42.8212173281633
13.2499317823011 42.821002272739
13.2501231040416 42.8207376462389
13.2505853418736 42.8203471831759
13.2507431643219 42.8201941825802
13.2510983381024 42.8199171293188
13.2511813507383 42.8197908097692
13.2513672285587 42.8195272546653
13.2514232673106 42.8194771007393
13.2516446610642 42.8192863055226
13.2518651441944 42.8191681029674
13.2522046858387 42.8189700561875
13.2523067958301 42.8188761146302
13.2523963786031 42.8188159870565
13.2524623004138 42.8187547995575
13.252605727793 42.8186240842861
13.2527316942189 42.8185488007893
13.252830042489 42.8184552824606
13.2528833968601 42.8183929221717
13.2528774729673 42.8183274142313
13.2529011522561 42.8181933721477
13.2530869499359 42.8180109455803
13.2533567284295 42.817817406171
13.2534682552768 42.8177847636151
13.2537283167065 42.8176170986256
13.2538839056427 42.8176286583496
13.2539783558785 42.8175493194276
13.2543727751639 42.8172763385553
13.2544917305098 42.8172220367593
13.2546461141714 42.8170748400125
13.2546460512198 42.8170736253785
13.2547809197049 42.8170129245784
13.2549738283853 42.8168402568564
13.2551621520691 42.8167359772806
13.2551583325367 42.8167345223771
13.255254981342 42.8166264995174
13.2553756741899 42.8165416126901
13.2554390419426 42.816510951119
13.2555850407668 42.8164623639117
13.255701606809 42.816391415306
13.2558404247402 42.8163698740489
13.2560005998897 42.8163067797954
13.2561405470325 42.8162228987692
13.2561933744215 42.8161631716062
13.2563508777409 42.8159446967444
13.2565318072865 42.8158615414919
13.2566407897825 42.815875217937
13.2567639840361 42.815851990845
13.2568480350388 42.815800148347
13.256996229363 42.8157343362589
13.2570478982226 42.8157373880756
13.2571150661362 42.8157066830894
13.2571578434857 42.8156656909858
13.2571950080609 42.815630077305
13.2572673049994 42.8155162978236
13.2573577143113 42.815441791573
13.2574699250861 42.8153365448315
13.257524083407 42.8153018643051
13.2576227476385 42.8152119335341
13.2576473734962 42.815168776096
13.2577473945559 42.8150193023468
13.2578498550741 42.8149116462711
13.2580126749032 42.8148587828251
13.2580877735091 42.8148051640386
13.2581363914396 42.8147451680962
13.2581997046818 42.8146558855668
13.258251566436 42.814557788334
13.2583283476314 42.8145101047232
13.2584821311564 42.8143760845245
13.2585493379683 42.8143357410776
13.2586312995411 42.8142741413467
13.2587219721364 42.814203470284
13.2587261592982 42.8141735384662
13.2587349135951 42.8141410770749
13.2588137925922 42.8140870634479
13.2588650136512 42.8140518503156
13.2589196658493 42.8139884693871
13.2590185732023 42.8139709284038
13.2590623118412 42.8139367740977
13.2590762862798 42.8139110668743
13.2592771830011 42.8137736295193
13.2593360365701 42.8137299636884
13.2594617367633 42.8136764941043
13.259844963138 42.8134828925666
13.2604239441345 42.8130589661838
13.2607557949371 42.8127989022342
13.2608482713479 42.812712123633
13.2609851471738 42.8125261300604
13.2610737382006 42.8123782203386
13.2610217396228 42.8122089508903
13.2611290994646 42.8120154239725
13.261386133816 42.8118474718818
13.2620718727825 42.8113387090427
13.2625721401328 42.8109671702523
13.2628618130756 42.8106236965259
13.2628517136738 42.8101813944943
13.262736513284 42.81007824263
13.2625987548779 42.8099144679219
13.2626822670613 42.8096270358474
13.2627879742174 42.8091233215531
13.2626980508916 42.8084864239409
13.2628216050183 42.8082603067247
13.2628637973153 42.8081264097253
13.2629165350751 42.8080717498468
13.2627843281694 42.8079733731459
13.2628230591626 42.8078993106686
13.2629147145781 42.8078159247971
13.2629647079592 42.8077516119231
13.2631567771793 42.8076083862766
13.2632207563802 42.8075439756136
13.2632171534706 42.807494694293
13.2632916821111 42.8074235055914
13.2633665316941 42.8073492868467
13.2634455948944 42.8073601936959
13.263549898339 42.8073029586713
13.2635965619499 42.8072523704208
13.2636112701874 42.8071592868163
13.2637021523157 42.8071187157804
13.2637230406753 42.8070719278077
13.2638232103665 42.8069962600641
13.2638508861302 42.8068824805796
13.2637522264708 42.8066985139012
13.2638120831544 42.8066408403048
13.2638483465146 42.8064299840502
13.2639048731612 42.8060674434599
13.26423920468271 42.80575786162883
13.26447404479706 42.80556323029512
13.26458348309037 42.80538127292596
13.26452229104897 42.80498506263774
13.26443134076657 42.80466799468324
13.26421529763624 42.8044916105137
13.26417274827397 42.80406226070505
13.264210813722 42.8039894929245
13.2642966099987 42.8038814302045
13.2648033903513 42.8033638498982
13.2648803031002 42.8026012053953
13.2650037325592 42.80236173376
13.2651407750827 42.8021001140125
13.2652333217846 42.801819126289
13.2655391257886 42.8012246084168
13.2659693783414 42.8006153736389
13.2660796907208 42.8003739134179
13.2660921469368 42.8000976066531
13.2661535958162 42.7995938307797
13.2661260502371 42.7991352271777
13.2662096078579 42.7987510541051
13.2661547484898 42.7984022937282
13.26593005968 42.7978309156901
13.2659048440604 42.797525177185
13.2663231547958 42.7970060786984
13.2666822375624 42.7963765583676
13.2668931787065 42.7962773961044
13.2681663175321 42.7940813681874
13.2683532717954 42.793903375805
13.2685405630596 42.7937951415757
13.2687111189046 42.7936806981244
13.2689127399605 42.7935627657601
13.2695883922265 42.7915404296912
13.27032195561183 42.79007785850842
13.27148235910031 42.78849983034041
13.27247039784132 42.78681040431881
13.27306932942718 42.78491067615715
13.27325454241777 42.78229906969632
13.27328710992764 42.78144725194736
13.27384168071329 42.78005398301408
13.27391657196749 42.78006178235078
13.27457920879889 42.77823150586322
13.27809404195918 42.76999398169566
13.27975847354667 42.76326973533647
13.27895501289926 42.75929295880854
13.27914217758461 42.7583095255476
13.27959524840849 42.75740563255349
13.28008558431756 42.75507012264107
13.28017442727032 42.75329863898486
