13.3583793636042 42.3018892317475
13.3623505230711 42.2984343049708
13.3639734851625 42.2976925492765
13.3648437509671 42.2973719793378
13.366037317944 42.2969087698059
13.367357968248 42.2962494579373
13.3686313731946 42.2959922073344
13.3696311007015 42.2955969343763
13.3708855144899 42.2953712861529
13.3719040355984 42.294745680443
13.3728439803898 42.2942819999066
13.374027130942 42.2938770359169
13.3753391555612 42.2932890095595
13.3768469706973 42.292596171873
13.3780381461266 42.292216146726
13.3790373787581 42.2917470251599
13.3801822341653 42.2914768827155
13.3813404388928 42.2911338169121
13.3824958814982 42.2905387662418
13.383651613776 42.290112067449
13.3846930239652 42.2896017172733
13.3858382632067 42.2890956947578
13.3870875130738 42.2884450171769
13.3883925555973 42.2879004148875
13.3893321745693 42.287374613272
13.3903638125786 42.2870960939375
13.391370446137 42.2863534315439
13.3923753655233 42.2857767881381
13.3940135250482 42.285188847169
13.3947398244513 42.2850045017963
13.3960275337557 42.2841855752272
13.3970303278683 42.2838868746216
13.3975941204171 42.2835349788422
13.3982172807859 42.2833608457981
13.39913987559 42.2829177192971
13.4003665805489 42.282466092009
13.4014512020367 42.2814596185634
13.4025811810851 42.280906578729
13.4034474993388 42.2804420901013
13.4036967105759 42.2796290225949
13.4039719603446 42.2792580387763
13.4046008448537 42.2785980992362
13.4051834795077 42.2781369795513
13.4056986810105 42.277920711295
13.4061612283484 42.2777544529706
13.4067079466108 42.2776458725623
13.4070946181713 42.2773892620539
13.407414343113 42.2772139147155
13.4079190200294 42.2769056565364
13.4081470669852 42.2768520080896
13.408611449346 42.2766661040751
13.4093896404696 42.2763247644238
13.4099961427481 42.2759726267856
13.4106713916751 42.2755624748268
13.4108950953581 42.275165028343
13.411685362256 42.274703001883
13.412143887589 42.2745359301793
13.4133952538628 42.2740468751849
13.4137070522275 42.2738364725978
13.4144680184365 42.2733976362741
13.4151358138109 42.2725250971531
13.41573152615934 42.2719461315124
13.41868755570964 42.26944607627757
13.42123873868454 42.26662034230776
13.42283382006995 42.26508610393441
13.42388267145156 42.26411900599924
