13.42891003731221 42.19233450850742
13.43628763273792 42.19209287733365
13.44175259413424 42.19208890819777
13.44655709846238 42.19224281919239
13.45047305520479 42.19169084873855
13.45689767183323 42.190529459856
13.45924840912853 42.1901480711533
13.4608380959071 42.1893852031448
13.4613342157046 42.1892818922189
13.4617726277563 42.1891021454105
13.4626091028235 42.1889676276523
13.4632241642781 42.1887881825126
13.4637912277139 42.1887132751174
13.464360906388 42.1885465743735
13.4652159596187 42.1884192758185
13.4656716792427 42.1882574387931
13.4662422129781 42.1880970517167
13.4669275672279 42.1879314386971
13.4676699123181 42.1877200155381
13.4685329984162 42.1875736976785
13.4691057011112 42.1874473195901
13.4696797184046 42.1872811557906
13.4708980907223 42.1870377051658
13.4709559154721 42.1870362811248
13.4715248996501 42.1868284808577
13.4720901734688 42.1866725493757
13.4726043135657 42.1866308693407
13.4731747413093 42.1865503490928
13.4737460310542 42.1864262919063
13.4743205936123 42.186235527054
13.4748909153919 42.1861036505193
13.4754602583033 42.1859720029178
13.4764096352654 42.1856716371021
13.4764634371819 42.185633853705
13.4770406541544 42.1854545593231
13.4775810177873 42.185200358701
13.4780240592525 42.184881910393
13.4784185178658 42.1845511489381
13.4791499158914 42.1840603345833
13.4792529899591 42.1838703746441
13.4795883167618 42.1834624234429
13.4799931461784 42.1831989395619
13.4803892390543 42.1829115302684
13.4809030989702 42.1827011924645
13.481421716889 42.1824751640503
13.4819373993788 42.1821265429067
13.4823370081542 42.1818243197749
13.4827354630323 42.1814817892822
13.483132926711 42.1811400984598
13.4836419031949 42.1808354473537
13.4841452947046 42.1806026939023
13.4846450672593 42.180336662522
13.4849793441423 42.1800018407858
13.4853116844731 42.1796656784417
13.4856975013535 42.1792879360046
13.4865964916291 42.1787759092185
13.4868258949487 42.1786081466759
13.4874165912509 42.1784240374172
13.488043635593 42.1782470340536
13.4886019676169 42.1781157336134
13.4891575472366 42.1779825388044
13.489807519703 42.1779316219864
13.4902360450712 42.1777284092981
13.4908175863652 42.1775240679468
13.49118264769 42.1772935768401
13.4916998715941 42.1771331983998
13.4921101146775 42.176901506641
13.4925680480848 42.1766336049469
13.4928224858502 42.176291825084
13.4932657055309 42.1760672904986
13.4937441246447 42.1759226158309
13.494206705144 42.1758556731887
13.4946642810946 42.1758255741022
13.4951593513193 42.1757963415104
13.4956456343708 42.1757674609968
13.4960440810325 42.17563082019
13.4968332320735 42.175390060202
13.497519951518 42.1750484652728
13.4977378215154 42.1746123948555
13.5009757211879 42.1563980096064
13.5009687389801 42.1562870393943
13.5011159528347 42.1560703061057
13.5011842248748 42.1558460529891
13.5012113220372 42.1555928724398
13.5013258357756 42.1553763991813
13.501444766048 42.1551079168487
13.5014395195943 42.154831572097
13.5014367231629 42.1545074569123
13.5013920358096 42.1542111102541
13.5013911084127 42.1538115751771
13.5014339253342 42.1534661870869
13.5014352480818 42.1531172514828
13.5016908019171 42.152607234107
13.5017763221458 42.152351944591
13.5019459477944 42.1520964159531
13.5020734145202 42.1517781045372
13.50224317074 42.1514552486031
13.5023703515925 42.1511337888604
13.5024971364725 42.1508116584424
13.5026229838691 42.1504961715424
13.5027482435523 42.1501895738322
13.5029153484135 42.149882966004
13.5030828533619 42.1496102836788
13.503292957282 42.1493069342998
13.5034613068893 42.149030497429
13.503672020299 42.1487538069448
13.5038415181313 42.1484147555252
13.5040554461692 42.1481716192359
13.504228661472 42.1478645160976
13.5043596569205 42.1475546157056
13.5044932916568 42.1472443321087
13.5046288263028 42.1468686706356
13.5048080128106 42.146553372214
13.5049450542744 42.1462354468908
13.504995027933 42.1459152610467
13.5051306225501 42.1456256100282
13.5053535552197 42.1453024356964
13.5056453488626 42.1435450666579
13.5058430970593 42.1431987449205
13.5059628110461 42.143130044061
13.5063118616901 42.1427398848275
13.5064070746889 42.1425480542458
13.5064603723517 42.1420730442068
13.5064878721665 42.1420123322557
13.5065886726501 42.141102078087
13.506772616442 42.1404470016223
13.5068261746585 42.1403475959995
13.5071027620791 42.1399513041485
13.5071733165703 42.1398649910557
13.5072582734328 42.1397791145431
13.5080132650418 42.1392501064581
13.508198148777 42.1391361584365
13.508623503237 42.1388995178747
13.5114106073716 42.1346090548628
13.5116864986446 42.1342666944675
13.5118661299137 42.1340583707288
13.5120809690122 42.1338264100817
13.5124386680527 42.1334169041719
13.5127115115873 42.1331676267302
13.5128674261158 42.1329401033425
13.513035494101 42.132587204823
13.5131478890842 42.1322877075443
13.5132318720407 42.1320393713114
13.5148552116976 42.1230314882348
13.5148658769687 42.1227400763512
13.5150756829415 42.1219912588589
13.515089377635 42.1219173361104
13.5154957920022 42.1215312230582
13.515666384566 42.1214069987166
13.5161368174285 42.1207291077338
13.5194209116352 42.1161308706233
13.5201832650262 42.1147721397725
13.5206329585432 42.1140215899687
13.5214169211526 42.1125738096866
13.52202361726 42.1119168865416
13.5225295760017 42.1110872840499
13.5232207257466 42.1102542003144
13.5237769447402 42.1095223667186
13.5242405725938 42.1088568995574
13.5248032956775 42.1079836427815
13.5254569151083 42.1070625257866
13.53155925261513 42.0985422809032 
13.53932333317282 42.09135230199044 
13.5417620297524 42.09029405431764
13.54431908692239 42.08801229769795
