13.3853137175632 42.4222940447671
13.387728268081 42.4220463943222
13.3886813281091 42.4221606340312
13.3893127656886 42.4223197158445
13.3905934719311 42.4224372503462
13.3913719255514 42.4228431656628
13.3916272205342 42.422898312583
13.3919691197603 42.4229452100283
13.3922994870045 42.4230228913729
13.3931487082619 42.4230856175888
13.3937122377943 42.4230218100455
13.3950425855593 42.4233002834922
13.3954889072852 42.4235438173684
13.3959146074262 42.4237408067125
13.3970211849371 42.42398037066
13.3976019848897 42.4241486085725
13.398284120093 42.4243085100118
13.3996993531752 42.4245716560784
13.4009682214462 42.424761592927
13.402006200577 42.4245336933664
13.4028679664055 42.4241284046709
13.40326336567 42.4238437720263
13.4036788693763 42.4235917967079
13.4040357831412 42.4235395011189
13.4043689909148 42.423607188546
13.4050858535779 42.4238230635284
13.407126491408 42.4240719501101
13.407493896153 42.4242032417518
13.4082248640364 42.4242988890575
13.4085891188264 42.424212517334
13.4088035107985 42.4241977869818
13.409040889513 42.4240963961611
13.4091495981451 42.4240363807771
13.4091894055632 42.4239569841371
13.4092089653925 42.4239000134529
13.4093443191544 42.4238394735491
13.4094482160291 42.4237740251336
13.4097106393819 42.4237053577368
13.4098854611028 42.4236954690811
13.4101287562952 42.4236362999489
13.4103859829386 42.4234811793497
13.4107772109344 42.4234424253595
13.4111072648889 42.4233956735823
13.4114954573223 42.4234061030354
13.4119947226678 42.4233275777471
13.4125903736725 42.4232660922267
13.4131200425522 42.4231304336336
13.4135508340883 42.4230905478928
13.4141237381462 42.4229005873408
13.4146379444246 42.4224928983127
13.4154373982154 42.4221302661849
13.4157186994596 42.4218423566131
13.4157264828607 42.4216221092766
13.4157689967692 42.4213551704298
13.4158381547695 42.4209506499639
13.415922495543 42.4205626904821
13.4161086221703 42.4203918336888
13.4164944530312 42.4202497481594
13.416955657012 42.4202156120373
13.4171292311178 42.4202297485715
13.417591632416 42.4200464900789
13.4176961739471 42.4198279023954
13.4179282198754 42.4194565174176
13.4185095111864 42.4189645107022
13.4185081525458 42.4186752486495
13.418661220246 42.4182895414525
13.4191483513044 42.4180272440387
13.4193363125114 42.4179398470881
13.4198199419012 42.4176910659285
13.4200241223368 42.4173830786194
13.4209526547353 42.4168378088683
13.4211858440702 42.4166278466379
13.4220733588189 42.4157708664388
13.4225201495403 42.4154610928285
13.4234730097225 42.41498841988
13.42795722666031 42.41243304824643
13.42914544426172 42.41012838709779
13.43143855495733 42.40798194482119
13.43351863926081 42.40583773088314
13.43829625586878 42.40264393875685
13.43849493116672 42.40191238690856
13.43943618347203 42.40131846375135
13.44036355206481 42.40050760413906
13.44042120623401 42.39706981709826
13.44031442274952 42.39588079011241
13.44072456372835 42.3940318647026
13.44112285465721 42.39351221392525
13.43972931437902 42.3940238519649
13.44010698179372 42.39394767250668
13.44082130813336 42.39364955610754
13.44140029045261 42.3933790676198
13.44271859611776 42.39319938670206
13.44307406134931 42.39309340374893
13.44326281983641 42.39298002749403
13.44335887423477 42.39293268765933
13.44384854792678 42.39275058247065
13.44394110045059 42.39265108906518
13.44447463006793 42.39234903367091
13.44513548450173 42.39213218199248
13.44634002506852 42.39190936848563
13.44713345524204 42.39182939489306
13.44759513496184 42.39169346887368
13.44764357142651 42.39168896300359
13.44804572966187 42.39129709677547
13.44839612722351 42.39087384651064
13.44864760847062 42.39033889895265
13.44879369523978 42.38997655602127
13.44892420017442 42.38952733031502
13.44918587446614 42.38899796446558
13.4494680232386 42.38832817784041
13.44982817370711 42.3876652736954
13.45021725398936 42.38715055480532
13.45061257023758 42.38676395032145
13.45079884937887 42.38645457469643
13.45121241306021 42.38563303454392
13.45146921496014 42.38531054306524
13.45117298526786 42.38326062800034
13.45207232313872 42.3823200925879
13.45355727142811 42.3802339652876
13.45565536586991 42.37846502076902
13.45603943624106 42.37812350221058
13.45690629695013 42.37768023046127
13.45710139535746 42.37758593030571
13.45915670885512 42.37580461144064
13.45963722645685 42.37525110713796
13.4598711185494 42.37478251777731
13.46056015420177 42.37415613402612
13.46136001067177 42.37236185997057
13.46244513664924 42.37004731952058
13.46247432724966 42.36991142353938
13.46544294267332 42.36702905002515
13.46621590718328 42.36607781533255
13.46661679797041 42.36570607552862
13.4672517501042 42.36533583256688
13.46784256858174 42.36513609063164
13.46852029212047 42.36493386565309
13.46881171326081 42.36467131310302
13.46997190329851 42.36397524224227
13.4701769393124 42.36382980274158
13.47070304348536 42.36374427802957
13.47109860340271 42.36358950971414
13.47147628730626 42.36330622258327
13.47184342039089 42.36283002617272
13.47242294404334 42.36258866337573
13.47263912150631 42.36232309634365
13.47314321536594 42.36180770383514
13.47335852593334 42.36169044526154
13.47370115036568 42.36155972488643
13.4744102067417 42.36120516331733
13.47562640806137 42.36038922793771
13.4760629607341 42.36013009272381
13.47682639880702 42.35965239394947
13.4774141427936 42.35906288397406
13.47872699649139 42.35810178705854
13.4809685725633 42.35703784705336
13.48192283201163 42.35639752603756
13.48210269284102 42.35631558278043
13.48244279918561 42.35615306937099
13.48277641218804 42.35581424131184
13.48294739382634 42.35564318464601
13.48338529569573 42.35533165110774
13.48471103960374 42.35454248633882
13.48486988982004 42.3544514615743
13.4848938234566 42.35442837059414
13.4799818042141 42.348874531701
13.4813539462178 42.347195151994
13.4816023593224 42.347053054686
13.4836263430112 42.3454078839083
13.4841480710772 42.3451058345298
13.4855407864989 42.342198308129
13.4852329756282 42.33766293042808
13.48608907933365 42.33094510964732
13.48729950254791 42.33050878774141
13.49370203811702 42.32875340524765
13.49468926971414 42.32795767043392
13.50085561128651 42.32356666826052
13.51592159329521 42.31209700838565
13.5173406331123 42.31107686186756
13.51816773910204 42.30944490284038
13.52082741851675 42.30824730681298
13.52672118636127 42.30699358600077
13.53283192422569 42.3053238575951
13.53417269659076 42.30475885506197
13.53759553152669 42.30360415116488
13.54043270575098 42.29932145090761
13.54575564995939 42.29687989735019
13.55046064952509 42.29373170065077
13.55283256688842 42.29178578184349
13.5555688198106 42.2900370329056
13.55672894340062 42.28949896778176
13.55776381605237 42.28898937600046
13.55978031491152 42.28791553923476
13.56114178156358 42.28688151469476
13.56164062590428 42.28569792290038
13.56264910104185 42.28310143776536
