12.8465185585494 42.5352949607615
12.8498230391767 42.5327270363793
12.8522271925398 42.5305996073077
12.8543663569776 42.5291572925566
12.8548203070832 42.5292142524302
12.8559762701982 42.5289031967552
12.8571763297562 42.5288431600442
12.8581599895453 42.5287031446155
12.8590621344087 42.5283638395886
12.8598991380908 42.5280323277079
12.8611382026 42.5278463260897
12.86286673794 42.5273764543072
12.8637225271666 42.5272340831579
12.8648292096779 42.5270908664297
12.8655004624748 42.527085036332
12.8668462797686 42.5268077975273
12.8690026352802 42.5262720472285
12.8766622357097 42.5133162197555
12.8778689800429 42.5122759036097
12.8787760082402 42.5110538382637
12.8799321060566 42.5099705657509
12.8809602783595 42.5090649789172
12.8820410646563 42.5077654760844
12.8832709612421 42.5068417094976
12.8843294407371 42.5057721638146
12.8853951508543 42.5049630393033
12.8863414796177 42.5041685875271
12.8869282207469 42.5034208476855
12.8880815300629 42.5025656944632
12.888899790012 42.5018921359519
12.889176761165 42.5009005334499
12.8887141617957 42.4988926556234
12.8882917615228 42.4966846359342
12.8882653040131 42.4947423863008
12.8886553060037 42.4931913913553
12.8894908202814 42.4922846976151
12.8897879754624 42.4909725942812
12.8902271699976 42.4898855771645
12.8902937319297 42.4885978137998
12.8903970603731 42.4871391847396
12.8905395735751 42.4862258385979
12.8909948817899 42.4850629558541
12.8914528066565 42.4839930480686
12.891993318258 42.4832817763998
12.8925755711147 42.4824506060255
12.8931098289564 42.481236820655
12.8934542569583 42.4803473501568
12.8938280654706 42.4795836899383
12.8944777976867 42.4785320560288
12.8945275441435 42.4784208298993
12.8979574052132 42.4706187451598
12.8999065970693 42.4689874038601
12.9020275938913 42.4671111869046
12.9032299205552 42.4636601414201
12.9056313434036 42.4613664061409
12.9076370884763 42.4598342643929
12.9100926305504 42.4586669521144
12.9113132250146 42.4567153473846
12.9133107738405 42.4545036867216
12.9155919217747 42.4530249447749
12.9175002380798 42.450862825214
12.918131885187 42.4478294982503
12.9175026845241 42.4429180204573
12.9169077343834 42.440736793674
12.9170337020935 42.4375640263773
12.9185215730752 42.4355534865585
12.9204879313416 42.4350103352702
12.9215788723539 42.4340890107834
12.923269088624 42.4319260249542
12.9243697569806 42.4305174149232
12.9257456750256 42.428881137328
12.9270263595423 42.427003971645
12.9277668305766 42.4247298770944
12.9281677268276 42.4220495783961
12.9292499844984 42.4205309982532
12.9312762605916 42.4188698747935
12.9316492205179 42.4179544134695
12.9331633696416 42.4160369798741
12.9341358140785 42.4146022845163
12.9349293985833 42.4132054430136
12.9357013837496 42.4114003211461
12.9374084080702 42.4100846420294
12.9381899765985 42.4079157260496
12.9388751695021 42.4063566434892
12.9439915285695 42.4062221904007
12.9469266337913 42.4049576763385
12.9497089159373 42.4047382143548
12.9516432613909 42.402781148798
12.9547384521473 42.4003651862305
12.9562408532192 42.3989496645706
12.9580964460744 42.3972831716
12.9593292387545 42.3946512579614
12.9608676304712 42.3918034383231
12.9626776123691 42.3897846420978
12.9630638558161 42.3897457474727
12.9642217565377 42.3867535496034
12.9669878227069 42.3850803249395
12.9686401250835 42.3837747908739
12.97101456066 42.3824555838812
12.9728728047521 42.3815968444812
12.9745000284935 42.3799910172132
12.9746753650375 42.379957891834
