13.2755078849894 42.5101830244491
13.2767241161566 42.5093335833045
13.2776059515549 42.5084255021353
13.2818069432614 42.5057326426053
13.2840414505937 42.5023703884788
13.2854019419148 42.5014475576599
13.2876023434147 42.5006218200008
13.2888065223677 42.4999521135184
13.2898707601413 42.4988502131653
13.2911715596601 42.4977919500017
13.2936123429781 42.4969513253705
13.2962169363036 42.4948001643001
13.2980137455163 42.4931738809448
13.3000497769478 42.4916037247202
13.3009071250582 42.4905374860603
13.3020026789628 42.4894760882518
13.3087343873275 42.486272968581
13.3115754671518 42.4845444082872
13.3136049001834 42.4828682448716
13.3107856081216 42.4803192046627
13.311688985278 42.4774859670376
13.3123468040596 42.4745373211299
13.3125898485031 42.4719867896431
13.3135262918029 42.471331064262
13.3162987120797 42.4701353056727
13.3186876975217 42.4692507643792
13.3201059216652 42.4664715009193
13.3212350298192 42.4637942097958
13.3236352911929 42.4606039547246
13.3255132465 42.4570569957189
13.3267669707456 42.4551094936223
