13.71996009954859 42.05783801779562
13.72300241590883 42.05107767420831
13.72438448856872 42.04783443396923
13.72448657449334 42.04496720289293
13.72707209043878 42.0403550744664
13.7287992615929 42.03689499044292
13.73113347583921 42.03310690306279
13.73239190596367 42.02943738203695
13.73242047078828 42.02828228413158
13.73254631904589 42.02495321563013
13.7329479674527 42.0237372921553
13.7329233142301 42.023688199358
13.7329542755789 42.0228248052964
13.7334430743305 42.0218126858879
13.733797019635 42.0208320307203
13.7343071579198 42.0200334724987
13.7346895055418 42.0189716819518
13.7350429400274 42.0181759481173
13.7354605156027 42.0176940154833
13.7358327562321 42.0170563296067
13.736354837268 42.0162058727743
13.7368868777559 42.0154479511681
13.7372883998781 42.0146325086193
13.7370881665293 42.0131062886187
13.7373317746542 42.0124604463823
13.7376363169799 42.0122645439275
13.7379045922484 42.0121678425309
13.7382204451685 42.0121127100822
13.7384797370104 42.0118640089585
13.7385755160366 42.0115554404427
13.7388667020227 42.0112106461028
13.7394302570883 42.010787100227
13.7398013577789 42.0104856201281
13.7398193127984 42.0101111056935
13.7400171629434 42.009189032207
13.7399690706873 42.0087071403984
13.7402049569933 42.0082304431578
13.7401015239123 42.0077541030429
13.7402081734972 42.0067041946454
13.7403760878786 42.0059272674775
13.7406865480975 42.0053145123852
13.7408470604184 42.0048528231064
13.7411598475697 42.0042965848802
13.7414863024766 42.0039100145114
13.7417646951389 42.0036278864164
13.7419088808309 42.0032788243804
13.7420592128939 42.0029657518608
13.7423291833472 42.0025696011541
13.742482298248 42.0022641353258
13.7427336877285 42.0020030473746
13.7429750963884 42.0017958214854
13.7430919502147 42.0015384752599
13.7435630324452 42.0012202326198
13.7437742776881 42.0010263100462
13.7437867718238 42.0008897424079
13.74421132175 42.0006419406526
13.7447361749316 42.0002031059299
13.7450909863961 41.9996722116998
13.745156607372 41.9992946812001
13.7453608633421 41.9986885038145
13.7447600312965 41.9934287296197
13.7451828684718 41.9928137525376
13.7454003148034 41.9924947476959
13.7454439809668 41.9923905324006
13.7454873277236 41.9922793933817
13.7455507279774 41.9921135948667
13.7455920698856 41.9919991741447
13.7456869877772 41.9919475270139
13.7457806857461 41.9919017009734
13.7458733927012 41.9918563598078
13.7459286220877 41.991789517177
13.7460373121428 41.9916980170196
13.7461088950344 41.9916593772921
13.7461968254114 41.9915834619651
13.7462493352358 41.9915551763649
13.7463349898405 41.991479086115
13.7464193509801 41.9914065017948
13.7464362916481 41.9913973510857
13.7465704491217 41.9913248794174
13.7466049108279 41.9913294215923
13.7467036729388 41.9912756634516
13.7467717548958 41.9912818676079
13.7468865057743 41.9912417532143
13.7469521207232 41.9912268148069
13.7470140366018 41.9911745993054
13.7470751735147 41.9911224498926
13.7471184677989 41.9910620594975
13.7471429056633 41.9909792036866
13.7471940570921 41.9908557017704
13.7472308405728 41.9907590313367
13.7472687574658 41.9906804449831
13.7473115423758 41.9906446028874
13.7473636868578 41.9905590558829
13.7475177811798 41.9902431937179
13.7475781930703 41.9901508746538
13.7475996963397 41.9900970297323
13.7476277312468 41.9899994412916
13.7476173772703 41.9899304935136
13.7476437689683 41.9898268418749
13.7476481969184 41.989765737238
13.7476733168174 41.9896636504646
13.7476906731331 41.989600109915
13.7477176477077 41.9895164631315
13.7477219421399 41.9894606781013
13.7477379614568 41.9893975739879
13.7477463816696 41.9893680094736
13.7477729772407 41.9887509353628
13.7478240465738 41.9886461397805
13.747862556642 41.9885604304387
13.7478887333035 41.9884844078375
13.7479280474429 41.9883701698988
13.7479549384417 41.9882463031793
13.7480181271169 41.988140602187
13.7480686357996 41.9880350182287
13.7481196321601 41.9879103224972
13.7481460041711 41.9878144282023
13.7481846256581 41.9877087528852
13.7482110822966 41.9876125878257
13.7482253643143 41.9875258704054
13.7482526962433 41.9874003510505
13.7482920558073 41.9872746826285
13.7483206805751 41.9871675834912
13.7483364643478 41.987079547828
13.7486399896527 41.9866699706763
13.7487054499706 41.9862581399368
13.7488820105738 41.9860780144551
13.7489450970322 41.9860543382608
13.7489945245688 41.9860283569512
13.7490411927279 41.9859707472394
13.7490894844047 41.9859350962427
13.7491617781439 41.9858921119518
13.7492342495383 41.9858662692371
13.7492938586738 41.985838310002
13.7493785638512 41.9858184260462
13.7494379219771 41.9857998680017
13.7495074613919 41.9857715362316
13.749552610912 41.9857441353247
13.7495824434819 41.9856950842469
13.7496518503013 41.9856751619209
13.7497166573693 41.9856242623791
13.7497705288214 41.9855867591316
13.7498220299345 41.9855381266041
13.7498438943135 41.9855297291812
13.7499074734427 41.985489991897
13.7499599064981 41.9854557685372
13.7500095148709 41.9854096840117
13.7500514214928 41.9853879595905
13.750104127794 41.9853643102319
13.7501330970659 41.9853365733402
13.7501695312436 41.9852886210483
13.7502165732341 41.985244037856
13.7502307656695 41.9852018217158
13.7502574989977 41.985167694947
13.7503172372364 41.9851355508353
13.7503449054353 41.9851101992934
13.7503808339223 41.9850735616498
13.7504081284241 41.9850487893163
13.7504292242314 41.9850452978188
13.7504672423816 41.9850201925328
13.7505285647442 41.9849640346918
13.7505960972613 41.9849003364233
13.750663487551 41.9848093930845
13.7507060911945 41.9847774861544
13.7507431459523 41.9847317452101
13.7507952503052 41.9847041094368
13.7508172801683 41.9846811441147
13.750842924973 41.9846694349402
13.750880787916 41.984637707431
13.7509229313583 41.9845922429162
13.7509514042984 41.984535282495
13.7509893271016 41.9845040220587
13.7510334417374 41.9844387527717
13.7510722655861 41.9844153936743
13.7510895105513 41.9843632965973
13.7511309758977 41.9843266295321
13.751146789291 41.9843202474145
13.7511668750249 41.984301624281
13.7511945768796 41.9842799329841
13.7512140849589 41.9842393951926
13.7512556479349 41.984189532333
13.7512916041264 41.9841473451844
13.7513152666422 41.9841195822799
13.7513563026503 41.9840936514679
13.7513637784397 41.9840709940672
13.7513775755516 41.9840249206698
13.7513834708418 41.9839817702919
13.7514056218186 41.9839586743235
13.7514174595234 41.9839313241052
13.751450674349 41.9838818320577
13.7514726888553 41.9838426348096
13.75149987923 41.9838139989462
13.7515134481634 41.9838086317513
13.7515539187257 41.9837926239202
13.751580317861 41.9837646131953
13.7516134797422 41.9837348802393
13.7516428475226 41.983711585407
13.7516677045217 41.983696779471
13.7516803860179 41.9836720291613
13.7519153314838 41.983496030685
13.7525088585146 41.9830639482997
13.753120109163 41.9826615514736
13.7534880919578 41.9824313012737
13.7539172696532 41.9821539396411
13.7547125434009 41.9813951041234
13.7549687038601 41.9811417904191
13.7550631032214 41.9807668722493
13.7553882223993 41.9803151307632
13.7555502411392 41.9800283000368
13.755710430774 41.9795370951887
13.7557086395316 41.9792499570701
13.7548979495768 41.9742269764717
13.7548038533914 41.9735338364357
13.7547132030437 41.9732806684194
13.7546404203627 41.9730996699133
13.7546214530561 41.972980506797
13.7546016766543 41.9727809781261
13.7545825880932 41.9726484510351
13.7545444172909 41.9723830530152
13.7545419180659 41.9721287799613
13.7545231325514 41.9720231187453
13.7545205360891 41.9717573119023
13.7545195031695 41.9716514632864
13.7545167839915 41.971374662559
13.7545152261957 41.9712168421254
13.7545315196944 41.9710706627796
13.754565329993 41.9709108853937
13.7545981410863 41.970647818928
13.7546484981592 41.9703837928437
13.7546636522909 41.9701338513813
13.7546965196968 41.9698840768724
13.7547289548744 41.9696214055914
13.7547798702525 41.9694377534255
13.7548309784491 41.9692805443643
13.7549520322439 41.9691237327022
13.7551073795213 41.9689545912824
13.7552449734294 41.9688121011263
13.7553473356923 41.9686963324045
13.7555002355029 41.968529962
13.7556678412442 41.9683274356096
13.7558334875178 41.9681272965264
13.7559808404064 41.96792855127
13.7560785853656 41.9678053418446
13.7561593202003 41.9676563008317
13.7562563889098 41.9675212078702
13.7563696657534 41.9673486450368
13.7565470839845 41.9671040563953
13.7566280656544 41.9669553093841
13.7566925897783 41.9668188612411
13.7567721528201 41.9666977218267
13.7568659530404 41.9664784002089
13.7569597051521 41.966259541116
13.757022317624 41.9661263516276
13.7570991570798 41.9658829865764
13.7571283625957 41.965750134979
13.7571591116359 41.9656024109589
13.7571746050413 41.9654651196323
13.7572060338157 41.9653290802163
13.7572365458802 41.9651819722116
13.7572677377527 41.9649451716199
13.7572843395737 41.964881996756
13.757414568793 41.963958626906
13.7574122693442 41.9636269935724
13.7574510468739 41.9632585544235
13.7574453554084 41.9627922054383
13.7575658170508 41.9620900563096
13.7576806157142 41.9614554329552
13.7576730887806 41.9610583730747
13.7575363626182 41.960597107062
13.7574013121367 41.9602345454539
13.7573113998108 41.959904258213
13.7572197559412 41.9592751429024
13.7571735740611 41.958643466862
13.7570865133773 41.9581404056582
13.7570007773255 41.957531514143
13.7569579821454 41.957157215649
13.7569589176284 41.9567826544128
13.7576538117886 41.9519659402702
13.7576963584648 41.9515577381058
13.757959268631 41.9511998817418
13.7582223116454 41.9509441120531
13.7584823639707 41.950591269474
13.7586110274967 41.9502288942814
13.7586532770129 41.9500982384155
13.760331503539 41.9497572655876
13.760492173548 41.9495525383902
13.7605471034648 41.9495017970564
13.7605794562648 41.9494529346504
13.760621660321 41.9493779039034
13.7606625709904 41.9492934414168
13.7607034763949 41.9492488478831
13.7607434380308 41.9491936315949
13.7607724645161 41.9491367648105
13.7608297104999 41.9490499017252
13.7608658793208 41.9489745402606
13.7609011626691 41.9489012824178
13.7609179075311 41.9488565688277
13.7609625395486 41.9488002473297
13.7609889843226 41.9487689157645
13.7610334093126 41.9487337720367
13.761068312113 41.9487049408378
13.761111004183 41.9486671568334
13.7611462688645 41.9486575813567
13.7611712668863 41.9486354127951
13.7612215409084 41.9485979943094
13.7612621160688 41.9485590495957
13.7613111504974 41.9485246768757
13.7613318943256 41.9484767596265
13.7613522989544 41.9484296056996
13.7613710642949 41.9483726622331
13.7613986124358 41.9483222948313
13.7614201605119 41.9482915670103
13.7614424991369 41.9482033751969
13.7614605963487 41.9481541063367
13.7614857737182 41.9481010338032
13.7614946649336 41.9480531774892
13.761514836383 41.9479781795334
13.7615448703929 41.9479206548745
13.7615591187536 41.9479127254077
13.7616042681498 41.9478595591871
13.7616478480159 41.9478058272849
13.7616761593347 41.9477545348881
13.7616996258643 41.947718578606
13.761732395233 41.9476955936992
13.7617564079103 41.9476675772413
13.7617881076719 41.9476124952727
13.7618015886091 41.9475763864048
13.7618192061653 41.9475289499765
13.7618333202645 41.9474967566209
13.761846541859 41.9474597028308
13.7618635507995 41.9474431741606
13.7618777512884 41.9474135099398
13.7619064389588 41.94739098395
13.7619150028514 41.9473701808304
13.7619301283307 41.9473217942263
13.7619481792795 41.9472880351542
13.7619525195929 41.9472498201893
13.7619681886558 41.947234440451
13.7619783720988 41.9471773368301
13.7620012549786 41.9471398786062
13.7620133103803 41.9471128545936
13.7620070050716 41.9470876410564
13.7620059689759 41.9470594778451
13.7619997535409 41.9470347225019
13.7619781971159 41.9469492991736
13.7619204643997 41.9468595434528
13.761905830635 41.9468476274499
13.7618949466922 41.946827070006
13.7618878474419 41.9467980789573
13.7619003278535 41.9467783332045
13.7619076269536 41.9467435236921
13.7619205522225 41.9467111494694
13.761927118944 41.9466939892859
13.7619302146958 41.9466620212718
13.7619235036927 41.9466354520587
13.7619319274401 41.9466252181471
13.761952917838 41.9465986503762
13.7619751276711 41.9465778779861
13.7619963899787 41.9465533635641
13.7620081711428 41.9465339913263
13.7620139352678 41.9465122387315
13.7620192436754 41.9464900711966
13.7620252661074 41.94645450062
13.7620261099001 41.9464208666648
13.7620251522646 41.9463994155742
13.7620255711209 41.9463829391702
13.7620265163528 41.9463505082169
13.7620234620695 41.9463377926634
13.7620170130309 41.9463119960482
13.7620106322537 41.9462892351167
13.7620029110444 41.9462619918864
13.7619927412148 41.9462450187632
13.7619709747881 41.9462253486441
13.7619563731911 41.9461996150527
13.7619463183693 41.9461855776018
13.7619298310807 41.9461678787776
13.761911759074 41.9461452709478
13.761895567704 41.9461279134869
13.7618849903332 41.9461104349538
13.7618773603117 41.946102375023
13.761871551191 41.9460272913275
13.7619128333822 41.9459766316886
13.7619370162685 41.9459295147621
13.7619377392158 41.9459098204872
13.7619881231374 41.9457397047937
13.7618365084649 41.9455354667017
13.7619248130897 41.945333174866
13.7621133655234 41.9452338055849
13.7621345733979 41.9451512686361
13.7622013829871 41.9450170871684
13.76221150229 41.9449180631286
13.7622097828718 41.9448030379548
13.7622079997972 41.9446878045876
13.7622060852345 41.9445640512905
13.7622049343112 41.9444896569588
13.7621802803434 41.9443821033664
13.7621327962497 41.9442990407946
13.7620844534139 41.9441819687155
13.7620361970805 41.9440892938929
13.7619877693222 41.9440044459165
13.7619738298456 41.9439025850203
13.7619596825854 41.9438001957159
13.7619342568371 41.9436975447086
13.7619095655979 41.9435952608232
13.7618846459691 41.9434757867464
13.7618834180542 41.9433570129623
13.7618823654886 41.9432551967124
13.7619047523101 41.9431541598186
13.7619151421573 41.9430607521085
13.7619388338155 41.9429705395086
13.7619507325395 41.9429133066013
13.7620093820338 41.9428176464369
13.7620443797319 41.9427458736297
13.7621022353573 41.9426593823778
13.7621596355652 41.9425976132271
13.7622394232023 41.9425133741268
13.7623748797438 41.9424175545387
13.7624974837878 41.942322250306
13.7626077163841 41.9422430738878
