13.1254361739422 42.2004952639437
13.1262544123418 42.2000597360844
13.126755533958 42.1996400561126
13.127448685507 42.1992410651826
13.131245621609 42.1939885368386
13.1319398395964 42.1937096758338
13.1329917302831 42.1932681771649
13.1338817967471 42.192714925819
13.134544794341 42.1924356515856
13.135445700682 42.1922683255087
13.1361625200145 42.192128797686
13.1386967132523 42.1920107687989
13.1407659857787 42.1910104774938
13.1422283690395 42.1894153109525
13.142736047881 42.188356610204
13.14301118379 42.18758700901
13.1433510711607 42.1871124344691
13.1438034616828 42.1865832503847
13.1444369647584 42.1861926199031
13.1449174291334 42.1857769073125
13.1453600399433 42.1852809375682
13.1459797295092 42.1848442331515
13.1523856228305 42.1828166164798
13.1531389077389 42.1820919407967
13.1539493574573 42.1813440891356
13.154731195701 42.1806120507556
13.1553894586383 42.1802802491748
13.1560045416591 42.1800251109833
13.1569562651343 42.1797753564386
13.1578702015604 42.1793923325349
13.1587847369473 42.1783148500532
13.1589655921486 42.1780896783932
13.1598543833714 42.1773302909693
13.1605569288758 42.1766756570744
13.1614228880351 42.1759451033968
13.1623928886111 42.1752919620793
13.1632156692959 42.1749560959598
13.1644629201647 42.1739767372542
13.1650525800536 42.1734083111175
13.1658972339977 42.1726195586239
13.1665376572006 42.1720481258986
13.1671973116891 42.1716643325478
13.1681987802944 42.170911861339
13.1683067033777 42.1708514227368
13.1689386952016 42.1705762579744
13.1696483495609 42.1704580190813
13.1705302706799 42.1702961994637
13.1714841675432 42.1699045835773
13.1716230193155 42.1698336864061
13.1720904769596 42.1694200045274
13.1729600600991 42.1690333768799
13.1739517845762 42.1685260886552
13.1749095846581 42.168280456557
13.1751980579359 42.1681470300849
13.1839349273686 42.1594422173701
13.1842312779316 42.1587985014058
13.184693051965 42.1582899552581
13.1850619056041 42.1576909659635
13.1859478260749 42.1569067067781
13.1867667575492 42.1562293198589
13.1871016848067 42.1559326734906
13.1874813895607 42.1556798404926
13.1878539928606 42.1554034300495
13.1884029709701 42.1548969758161
13.1888730470774 42.1546086539717
13.1895208437586 42.154296763574
13.1898818114263 42.1540157215929
13.190623809197 42.1534211358848
13.193841103285 42.1524292938223
13.1949488331059 42.1514942169556
13.1950596891833 42.1513724990386
13.195891514585 42.1506303077217
13.1967852674613 42.150085752866
13.1975361301715 42.1496186155335
13.1984276377131 42.1490110000771
13.1986233631742 42.1488647399466
13.1994615194428 42.1481638210958
13.1996643516528 42.1480019014141
13.200863571295 42.1471597682485
13.2016995536384 42.1466216340783
13.2026419326536 42.1459231474495
13.202789995011 42.1458515107846
13.2042519583031 42.1453115825228
13.2049516554854 42.1448903791178
13.2061552822747 42.1442221663974
13.2073315094322 42.1437631339264
13.2082281078081 42.1434688841043
13.2091375631777 42.1429855935261
13.2204442560715 42.1315523008318
13.2207880912666 42.1313558062698
13.2212431167918 42.1309642723852
13.221490142263 42.1304317761904
13.2231313986687 42.1291515498309
13.2241076931404 42.1281654770936
13.2245300832437 42.1279108380418
13.2248310411342 42.1274984048773
13.2249883274481 42.1269548825494
13.2250536769339 42.125985235407
13.2254114917146 42.1252328007792
13.2260067228673 42.1245717397501
13.2267239667617 42.1240244771995
13.2274461573135 42.1234118172927
13.2278827993532 42.1221716004342
13.2279838539479 42.1219708681158
13.2286444227455 42.1206871781595
13.2291866724084 42.1199616104115
13.2297166766553 42.119454554739
13.230228136618 42.1190313307688
13.2308463110952 42.1186414195921
13.2319391790286 42.117515762541
13.2324192584285 42.1171895885527
13.2328781295303 42.1168445471133
13.2334045467545 42.1166875289654
13.2339125822039 42.1165304631017
13.234485028322 42.1162480968292
13.2356058030903 42.115722499159
13.2359446933908 42.115488111915
13.2366865345702 42.1149842341322
13.2371101348736 42.1145823385793
13.2376002697501 42.1138997490585
13.2384321960488 42.1132462578453
13.2439467062113 42.1118301886993
13.244527248577 42.1116276865798
13.2451564449033 42.111448952206
13.2458528024512 42.1113692783256
13.2469092369967 42.111452545007
13.2478094251884 42.1114292433212
13.2487818482395 42.1111097872507
13.2497314221089 42.1109257391853
13.2511827541276 42.1102367994719
13.2518142682738 42.1098526073531
13.2528091635673 42.1094094985347
13.2536599263571 42.1091327957354
13.2554645237066 42.1083803398583
13.2569336026473 42.1078630728715
13.2578928154468 42.107506573806
13.2587490780728 42.1072304258762
13.2598275921736 42.1071014572417
13.260680217516 42.1073052172541
13.2616798083261 42.1068798910818
13.2633788828592 42.1062143393403
13.2638189732848 42.105507524342
13.2640045753545 42.1049976832928
13.2640071255279 42.1039162837924
13.2651609012187 42.1028732625319
13.2655165695692 42.1023920068608
13.2658771887841 42.1019661566882
13.2661227509938 42.1014692225615
13.2666980971543 42.1004078143865
13.267115310516 42.0995466816697
13.2677194707275 42.0991184215863
13.2683008865144 42.0987213913405
13.2697795091836 42.0977801493317
13.2705982874268 42.0973584136331
13.2712867755977 42.0969723114337
13.2719715263818 42.0963086080857
13.2725559944096 42.0960168922375
13.2734438274787 42.0959848021995
13.2745647883033 42.0959723789588
13.2758036313798 42.0959757621574
13.2762754511994 42.0958552317092
13.2771725448005 42.095634149158
13.2777756996942 42.095457550951
13.2788889309891 42.0952690045987
13.2802605705859 42.0952183303907
13.2811027932792 42.0953254357288
13.2819547429173 42.0957475488747
13.2823505817461 42.0960349927186
13.2848010289456 42.0971881459319
13.2853257174022 42.0970833286443
13.2864829848059 42.0967435487516
13.2871772699433 42.0965023606209
13.2877254544387 42.0963309813886
13.288579663451 42.0960536555151
13.2889340633554 42.0960009056962
13.2894458101385 42.0960217833678
13.289901943485 42.0959681677923
13.2902408388712 42.0956962904373
13.2906422733754 42.0955553118585
13.292239012441 42.0952926162737
13.2926999785251 42.095257340247
13.2932599010625 42.0951457423584
13.2943071787034 42.0948511647956
13.2947662431534 42.0946074461123
13.2953067295665 42.0944235575346
13.298213781464 42.0918680172915
13.301005641965 42.0875705936709
13.3099757180323 42.0810421080811
13.3144863118176 42.0771094008689
13.3161904928365 42.075241248281
13.3222308885549 42.0708482713569
13.3250834821815 42.0703262509851
13.3270042750842 42.0696496480376
13.3292152615636 42.0687627630185
13.3316278750029 42.0680989316284
13.3343848762042 42.0671488888903
13.3375415568478 42.0662143242193
13.3421315693686 42.0649200815659
13.36221278530636 42.05408024482288
13.36606837928385 42.04900023382811
13.37586372168137 42.04075536668992
13.38089904453736 42.03604163155659
13.38830155982277 42.0263158012372
13.3942423160498 42.01848083082963
13.39844205594369 42.011431737572
13.39972998503739 42.00755426054009
13.40185056216394 42.00229644971353
13.40408899569184 41.99884175507345
13.41272872741726 41.99247228191816
