13.476921628988 42.0111278714162
13.4819647638246 42.006033799999
13.4897370475801 41.9999297898117
13.4961399187461 41.9956873282012
13.5164776936093 41.9796877058744
13.5219239601123 41.9753375493611
13.5242562151618 41.9693247286891
13.5279890970206 41.9653308649596
13.5321935718051 41.961251727319
13.5371948237474 41.9576380813203
13.5499751341167 41.9417510423734
13.5591234322005 41.9348092464618
13.5639045529768 41.9309650453146
13.5659793121464 41.9294826145346
13.5674639078618 41.9267851754398
13.5693457052212 41.923345584488
13.5694731076709 41.9232036239089
13.5696038148947 41.9230763369731
13.5697124316562 41.9229339326342
13.5698198233712 41.9227607513821
13.5699242379375 41.9226353919547
13.570049462872 41.9224785526272
13.5701553480373 41.9223371729303
13.5702835829463 41.9221959101505
13.5703685362914 41.9220548256873
13.5704738236295 41.9218980414405
13.5705790445362 41.9217569188632
13.5706648978296 41.9216165865473
13.5707283466483 41.9215541308349
13.5710023314149 41.9212951035498
13.5710864400471 41.9212010077111
13.5711909970943 41.9209987380527
13.5713174510402 41.9208254071459
13.5714010782199 41.9206857076742
13.5715480484717 41.9205296563665
13.5716533490117 41.9203878115152
13.5718639849034 41.9202584700112
13.5720316739411 41.920115853753
13.5721990348974 41.9199905740359
13.5723449753942 41.9198484662969
13.5725118183809 41.9197079462937
13.5726156418872 41.9195362100356
13.5727197830206 41.9193807987124
13.5729280890885 41.919209800658
13.5730317776929 41.919069857954
13.5731762296998 41.9188833773111
13.5733192914211 41.9187437112536
13.5734021333528 41.9186354397803
13.5735265751817 41.9184653375556
13.5736707386364 41.9182645874313
13.5738329211259 41.9180803779078
13.5740175011817 41.917849774335
13.5741412508903 41.9177266628396
13.5743040615386 41.9176046544462
13.5744421755642 41.917484755352
13.5745205528234 41.9174253920185
13.5747052263181 41.9171192104331
13.5748090243039 41.9169807364774
13.5748710056983 41.9167966494068
13.5749761819039 41.9166110948754
13.5751138052035 41.9164470742743
13.575271340376 41.9163295929322
13.575390011845 41.9161953385829
13.5754712993074 41.9160279986078
13.5755554165628 41.9158889574555
13.5756793168308 41.915720264494
13.5757243428126 41.9155641629274
13.5757849648388 41.9154426776416
13.5758474564362 41.9152737095826
13.5759109477005 41.915103758354
13.5759972249197 41.9149468853731
13.5761147743893 41.9148145406325
13.5762128254097 41.9146965710934
13.576319279643 41.9145400142425
13.5764746611442 41.9144108736911
13.5766326915342 41.9142943571905
13.5767523841731 41.9142058075278
13.5769038031073 41.9141105780771
13.5770454310048 41.9139748903607
13.577175969294 41.9138799401165
13.5773062466043 41.9137851003305
13.5773921360179 41.9136748598583
13.5789077885954 41.912369766525
13.5794123435283 41.9119739695854
13.5795927674208 41.9118665395202
13.5797116115306 41.9117042057708
13.5798305734657 41.9115561808896
13.5799494089694 41.9113785869079
13.5800087250867 41.9112605337157
13.5801075451837 41.9110541547189
13.5802063530212 41.9108920250427
13.5802460818679 41.9107593783817
13.5803053371176 41.9106266945355
13.5803851020222 41.9104639107907
13.5804256890144 41.9103150517778
13.5805061898517 41.9101211193963
13.5805861595803 41.9099425108519
13.5806657764905 41.9097941071234
13.5807457923097 41.9096302218763
13.580847145668 41.9094343172042
13.5809862908377 41.9092418455866
13.5811074960888 41.909061046253
13.5812460046464 41.9089440102907
13.581365429841 41.908795750231
13.5814848320058 41.9086326268755
13.5816216813061 41.9085028280418
13.5817795342838 41.9083564718305
13.5818607721704 41.9081909745454
13.5819601087167 41.9080428657517
13.5820764667638 41.9079136556102
13.5821922975417 41.9077850774688
13.5822710054639 41.9076824682923
13.5850864166192 41.9042040349998
13.5852696664811 41.9040370934152
13.5854330417066 41.9038848899352
13.5856588260361 41.9037309872537
13.5857607445878 41.9036547813679
13.5867830841217 41.9027351991861
13.5870471572086 41.9024020676141
13.5880107313107 41.9016514286282
13.5885306374 41.9012024425779
13.5890475433658 41.9010680173543
13.5897761254796 41.9009141206728
13.5905248751369 41.9006189388957
13.5906674387254 41.9005534743699
13.5909232544518 41.9002457144141
13.5913550405604 41.8997779062519
13.5917072455142 41.8993847308324
13.5920019354248 41.8991788593679
13.5923125969525 41.8988339186172
13.5930377443116 41.8982372371625
13.5934721176913 41.8976571792691
13.5937528128096 41.8971860067747
13.593853805132 41.8970226987359
13.594199050372 41.8964691729117
13.5945694678241 41.8958030409727
13.5946109812035 41.895741811339
13.5951890120149 41.8947645394626
13.5952703772384 41.8946434025514
13.5961462787184 41.8939455308075
13.5971589408108 41.8932684789153
13.5973423343825 41.8931469796368
13.5978115128767 41.8929033433575
13.5984183232865 41.8924520502538
13.599184392326 41.8920336399536
13.600902761942 41.8907630483958
13.6013275492797 41.8905913265461
13.6018732402163 41.8902717275521
13.6023444636179 41.8900377457028
13.60258075836 41.8898911631886
13.6029701954747 41.8896881255177
13.6033199865801 41.8894560971759
13.6036296942537 41.8893413615558
13.6101898409026 41.8904429162581
13.6104178024477 41.8900844879594
13.6116961329313 41.8893862494985
13.6119589148697 41.8890568805777
13.6123481167811 41.8887976757925
13.6128533741423 41.888640617137
13.6133333851541 41.8884933254092
13.6137774084519 41.888355901535
13.6141581314154 41.8881370649856
13.6148241074427 41.8878609805361
13.6156276465312 41.8876546698412
13.6161857035547 41.8874688452404
13.616696605498 41.8872958889624
13.6171292925759 41.8871349981463
13.6225129432289 41.8847360356947
13.6228434106905 41.884487381778
13.6231179349742 41.8840375536272
13.6234478679783 41.8837906573318
13.6239977615898 41.8834602310431
13.6246022573317 41.8830884151797
13.62509653339 41.8828389314338
13.6255354378829 41.8825084491223
13.6258642232171 41.8821374800531
13.6261923929264 41.8818457261879
13.6264657716985 41.8813943432396
13.626629843057 41.8809859293776
13.6269574944876 41.8806154947429
13.6272848674158 41.8802862470309
13.6275572398048 41.8798760627191
13.6277742397063 41.8794654783252
13.627991623342 41.8790564195942
13.6283182148525 41.8787290269199
13.6285898928868 41.8783612134578
13.6289158737786 41.8779935640614
13.6292416314851 41.8776262394815
13.6295666887415 41.8772995265406
13.6298899436562 41.8769317724005
13.6302654102305 41.8766449237172
13.6306937645054 41.8762775191546
13.631120034889 41.8760320642703
13.6315458187126 41.8757067055596
13.6317055428555 41.8755849745879
13.6320330909937 41.8753834465355
13.6322396043204 41.8752025942592
13.6323131056538 41.8751336559107
13.6325182754571 41.8749672587864
13.6326284969738 41.8748568450244
13.6328337264325 41.8746766822557
13.6330193619268 41.8745659461844
13.6331297290096 41.8744829580267
13.6332772885178 41.8743582488263
13.6334463214461 41.8742337680301
13.6335778195575 41.8740959709732
13.6336334511851 41.8739579380879
13.6337634238996 41.8738338905742
13.6338745596286 41.8736821378874
13.6340231675448 41.8735039061417
13.6341345060154 41.8733813603533
13.6342084930774 41.8732584949629
13.6343007169914 41.873134884487
13.6343928851878 41.87298313275
13.634521883795 41.8728338552741
13.6346323322193 41.8727110186169
13.634761004239 41.8725199101674
13.6349260214023 41.8723303262818
13.6351082061412 41.872157539833
13.6352716409594 41.8720527269054
13.6352716539176 41.8720253463485
13.6354882432779 41.8718338224048
13.6357212756676 41.8717331559359
13.6362528844906 41.8715590144056
13.636426948179 41.8715140856503
13.6365655037234 41.8714570361822
13.6367768343686 41.8713611692107
13.636932696435 41.8712785114463
13.6382279197589 41.8674349336352
13.6389991010277 41.8668632202819
13.6404158951133 41.8664848751891
13.6413034175119 41.8664186094404
13.6419943313607 41.8663768523401
13.6426173648781 41.8658738794502
13.6430701291083 41.8653401474041
13.643972983713 41.8647861424103
13.6446587263108 41.8642361886275
13.6457155411002 41.862700332604
13.6464656677316 41.8621819343185
13.6474294155717 41.8614654163345
13.648641225363 41.8606021025933
13.649535954981 41.8600534717767
13.6502209106789 41.8595037842938
13.6507499950454 41.8591098406309
13.6514409042921 41.8591462895893
13.6524469650167 41.8591422775904
13.653765010088 41.8587443383444
13.654759994778 41.8584656390067
13.6559520201105 41.8581091152104
13.6573394687374 41.8574876120441
13.6576465007257 41.857294787301
13.6584161998395 41.8565641402628
13.6593790177198 41.8558379883788
13.6617489834625 41.8541505723712
13.6630080501567 41.8526433933022
13.6637160962968 41.8512367092191
13.6652775792033 41.8499196993596
13.666287707322 41.8489719415527
13.6673105752165 41.8480934720946
13.6677788734839 41.847667677308
13.6684010369295 41.8470115844673
13.6693948763272 41.8462695723371
13.6707396270524 41.8450945729121
13.6716228243866 41.8440138763769
13.6723822726003 41.8430270192133
13.6738466783347 41.8410858082302
13.6751727202147 41.8391139578121
13.6753955642701 41.83650477023
13.6767340473586 41.8318683622061
13.6767164546068 41.8285886704982
