13.0031433938682 42.3608636199298
13.0040899519301 42.358596480364
13.0104071294544 42.3555850005726
13.0170323072297 42.3538413860422
13.0216872536815 42.3508311670056
13.0256608639801 42.3482903768108
13.0286595338859 42.347741231871
13.0329570219085 42.3448190701619
13.0329100194199 42.3410060239391
13.0317030086614 42.3368625824546
13.0336464210332 42.3318772886599
13.0378235047322 42.3297759539721
13.043378704192 42.3246365588737
13.0484544537076 42.3209152123431
13.0506598514966 42.3199412779903
13.0508152078035 42.3198175178788
13.0510020867009 42.3196683393783
13.0512062439756 42.3194134115741
13.0514319243619 42.3191753399667
13.0527856795609 42.3183653367876
13.0528542654921 42.3183588152622
13.0532913591517 42.3181942624817
13.0537324150794 42.3180875857896
13.0540164572572 42.3175572453492
13.0542107856404 42.3172597696551
13.054344322503 42.3170741975531
13.054458459749 42.3167536919874
13.0546072099958 42.3164123072239
13.0547932070312 42.3161133178477
13.0551962219301 42.3155835919086
13.0553202829218 42.3154874581664
13.055803018204 42.3153837574316
13.0567521386647 42.3152108014722
13.0571073002671 42.3147980582089
13.0572521097539 42.3144369038755
13.0570689075321 42.3141428561032
13.0574546476777 42.313918733061
13.0580309688031 42.3136815146036
13.0584991129833 42.3133894034241
13.0588710315974 42.3131181730252
13.0591899145331 42.3128396740747
13.0595900983151 42.3125360047258
13.0600962885668 42.3122583191252
13.0606960792148 42.3119546519343
13.0610674710554 42.3117243080789
13.0615824791301 42.311470648559
13.0619633852122 42.3111751037197
13.0623757567308 42.3109139714898
13.0624850264549 42.3105572303772
13.0625737420166 42.3102343324742
13.0626524498527 42.3099067372827
13.0629102759328 42.3095210450201
13.0630810056633 42.3088968328188
13.063786692149 42.3084038156268
13.0643970271917 42.3079669756911
13.0650177138107 42.3077223492068
13.065702424915 42.3073484182337
13.0662567078839 42.3069573708278
13.0668001173753 42.3065575747463
13.0673979182121 42.3059957356512
13.0677628601253 42.3054247060534
13.068057526398 42.3049555060638
13.0682945959649 42.3044221235793
13.0685225787141 42.3039079963145
13.0688454550298 42.3033325606051
13.0691083229151 42.3026958715936
13.0692625773417 42.3021565558833
13.0692754600737 42.3013951522331
13.0693843198826 42.2999705667413
13.0695969506027 42.2993941892039
13.0699922953668 42.2987146914938
13.0704058554123 42.298213471771
13.0706948815502 42.2979028058911
13.0709740773033 42.2976027053473
13.0712459203748 42.2973408415659
13.0715377967692 42.2970147168895
13.0718873182787 42.2966674589509
13.0720722726145 42.2964772135342
13.0723487242862 42.2962489749603
13.0725926445107 42.2960693765176
13.0729282006695 42.2958932975107
13.0732645843059 42.2956168994661
13.0734563606834 42.2954706810471
13.073697059378 42.2952879074237
13.0739808420703 42.2951936951336
13.0743068212002 42.2950569733764
13.0745764693124 42.2949602822945
13.0748586395316 42.294830191736
13.0750928672564 42.294590419401
13.0752819259781 42.2944164856511
13.0755633830827 42.2942729843627
13.0846364050366 42.288196471599
13.0878999659506 42.2877552986671
13.0901901774969 42.287100152868
13.0913240229013 42.2867254635896
13.0931627620356 42.2858239527154
13.0943538768022 42.2846167516219
13.0949261327211 42.2836076043993
13.0968136755955 42.2826022878449
13.0976013107727 42.2823767613916
13.0994950563773 42.2815869637828
13.0999643457843 42.2814956511672
13.103248445821 42.2809450519504
13.1042875638538 42.2801613430197
13.1046757432706 42.279228647828
13.1050421182427 42.2788050522157
13.1056894944818 42.2780597963832
13.1061251915423 42.2778134127587
13.1064462593448 42.2776424665515
13.1067761267988 42.2772428451756
13.1072168358175 42.2769819185692
13.107901821839 42.2769909250347
13.1083838798828 42.2766330133945
13.1093915152837 42.2763933477411
13.1101835623662 42.2759699237054
13.11083757741754 42.27575531805585
13.11161972844229 42.27539873685387
13.11190405422338 42.27501286064144
13.11198201113103 42.27488253914687
13.11224749098995 42.27471508035023
13.11283319605544 42.27456945223436
13.11330843914594 42.27440942642398
13.11351866856193 42.27424773806106
13.11368914214662 42.27405594350634
13.1139493642102 42.2738425773717
13.11412420051861 42.27359452177993
13.1141932517991 42.27341796950043
13.1146826230343 42.27303039636849
13.11531225528721 42.27285533795352
13.11635576468337 42.27206880717114
13.11696960604487 42.27180069209469
13.11714965755903 42.27175292206243
13.11753259797418 42.27163879459494
13.11828783471479 42.2715025121849
13.1188945699257 42.2714553893167
13.1196726770703 42.2714015881729
13.120749008266 42.271340752092
13.1212379579092 42.2709094250865
13.1220612674573 42.2707550720885
13.12240488871063 42.27068076119635
13.12301425473541 42.27066089969544
13.12326425828034 42.27054466797297
13.123624458755 42.2701366764641
13.12418870960495 42.26996411760914
13.12451529312977 42.26994630083236
13.12498464703016 42.26955240717383
13.12513766089925 42.26925969269856
13.1252892176886 42.2689967443649
13.1262614180852 42.2683802095995
13.1274517105474 42.2677352730194
13.1284464315166 42.2674369319745
13.1293945635379 42.26746751974
13.1301403051113 42.2675530159398
13.1311828665124 42.2675792698202
13.1323822838181 42.2678313864037
13.1329552924609 42.2680371057679
13.1340168637715 42.2682321510271
13.1350902154628 42.2685347156367
13.1357549929075 42.2688751318408
13.1367343128646 42.2690478556317
13.1373395568202 42.2692302497168
13.137819377914 42.269520677937
13.1389865903941 42.269932076448
13.1396922444233 42.271033658894
13.1405046310293 42.2713009289518
13.1415682032275 42.2714474415116
13.1424895876135 42.2715956774476
13.144234798116 42.2721578534805
13.1450081629494 42.2724863415038
13.1461564876076 42.2733751985679
13.1471024672743 42.2741133734172
13.1478998691575 42.2743770068075
13.1517586646137 42.2744062558088
13.1530666914854 42.274336846745
13.154569270239 42.2745729835384
13.1556536679344 42.2747723088289
13.1564849641209 42.2748411740428
13.1572940698065 42.2748210668596
13.1577560019591 42.2747105487902
13.1586203076539 42.2747902206219
13.1593998101302 42.2746557444514
13.1600523656464 42.2744618441155
13.1606456457957 42.2744643985549
13.1613854433841 42.2741938683513
13.1622619038279 42.273885231797
13.1631755288991 42.2735335875993
13.1640430230553 42.273241168708
13.1648966720413 42.2730151955589
13.166116419153 42.2730912013474
13.167215361523 42.273203661525
13.1679472400041 42.2729983995856
13.1688475356849 42.2727742766661
13.1695441745937 42.2725708433083
13.1701387427522 42.2722923047977
13.1707379736013 42.2719626543368
13.1716585775332 42.2715257591471
13.1727331036662 42.2709299104278
13.1734605455345 42.2705909710348
13.1744484979176 42.2701957308363
13.1759001458691 42.2700090742754
13.1775205762146 42.269981287992
13.1794247715214 42.2700862404333
13.1805559514803 42.2701642574748
13.1818994242674 42.2703448894074
13.204978139818 42.2306301740916
13.2060200836406 42.2301154566575
13.2062385324301 42.2296295479211
13.2071002534796 42.2292588965307
13.2079388528657 42.2288888668284
13.2089324980016 42.2285436996238
13.2097814932853 42.2285422724862
13.2110253646386 42.2277949650202
13.2122886690402 42.2268014030736
13.2130747623346 42.2261464336158
13.2184240436921 42.2234427400053
13.2201397940859 42.2219031572834
13.2208409040594 42.2213788639013
13.222103207997 42.2202797638475
13.2234970319017 42.2188724431518
13.2244632111478 42.2181021922587
13.2252907174107 42.2176998670584
13.2257923867824 42.2170620687724
13.2264043097796 42.2161797260561
13.227080131642 42.2159171196079
13.2277100463532 42.2154739888527
13.2285286181748 42.2149932825716
13.2296464862894 42.2145904389632
13.2302513697186 42.2143347342632
13.230641848651 42.2142424810214
13.2312715380055 42.2140728734462
13.2316692784955 42.2139759515925
13.2322455695542 42.2137642056996
13.2391978607297 42.2089260051102
13.2393174285332 42.2084410336945
13.2394378859566 42.2080129745955
13.2395509585925 42.2074354992464
13.2399937613655 42.2068306462703
13.2402103787727 42.2052488154275
13.2405398787763 42.2045261380848
13.2410597479217 42.2039692628347
13.2416472554589 42.2035989790211
13.2422240441448 42.2032263542697
13.2429011382988 42.2027984345358
13.2436659592223 42.2023241628554
13.2442831099186 42.2015601957152
13.2449135217805 42.2010170590452
13.2454325221546 42.200787532658
13.2460364262962 42.2006850045275
13.2467502412487 42.2003839685569
13.2472613555288 42.2001972390695
13.247624116651 42.2000719763435
13.2481009734157 42.1997345680873
13.2486070976351 42.1995502657649
13.2492501244837 42.1994257411641
13.2496035299216 42.1992838112004
