13.62774077707646 42.09523185215868
13.62850071844398 42.09255284877496
13.6318947406019 42.0912307504799
13.632931755695 42.0908021682096
13.6342488035759 42.0906132690189
13.6353486830474 42.0908550793438
13.6362968982552 42.0908654205823
13.6375581600016 42.0906420005743
13.6390234357775 42.090025939864
13.6406203020103 42.0891597389336
13.6419353999868 42.0888400249769
13.6431369296441 42.0885581579843
13.6436808959381 42.0882477789651
13.6440289635774 42.0880193384602
13.6445060851977 42.0879305755039
13.6446826753275 42.0879306097191
13.6450795008193 42.0879800421298
13.6454758428653 42.0880576595461
13.6458495689301 42.0879885801588
13.6459960680992 42.0879493190779
13.6464515112642 42.0877713614282
13.6470095627525 42.0875204776233
13.6476818074203 42.0873477457352
13.6482882950492 42.0872656601974
13.6488271074564 42.0871295251342
13.6494916777404 42.0868970134447
13.6498658507641 42.0867182958557
13.6501802464423 42.0865151207189
13.6513638678194 42.0869710520562
13.6528293957793 42.0869764153623
13.6538804032022 42.0869246926719
13.6539632212289 42.0869360306693
13.6545094501563 42.0870229683025
13.6549530246753 42.0871490444204
13.6555011425726 42.0871610946237
13.6561073702693 42.0872245683961
13.6568556739405 42.0872989452047
13.6577136861561 42.0872622128042
13.6582505755606 42.0872759101542
13.658813918302 42.0871923134214
13.6594106207918 42.0871320115858
13.660024567126 42.0871600641616
13.6786081137628 42.070524318742
13.6810006078919 42.0700099248571
13.6835488488121 42.0701157610615
13.686824477334 42.0697092060319
13.6872796848773 42.0693674088555
13.6873341504894 42.0688096448283
13.6871911565534 42.0686780608885
13.6874512513723 42.0683406589182
13.6890417212569 42.0675266994734
13.6899116156913 42.0668264251203
13.6906494223891 42.0663080229994
13.6933922656821 42.0652518594137
13.6953347312674 42.06495733381
13.6966521501185 42.064486250607
13.6988659775223 42.0632674083173
13.7001891345399 42.0628469768731
13.701175098689 42.0625236019308
13.7023832923159 42.0623386160722
13.7081129662698 42.0612771633636
13.7158631827699 42.059525506739