13.3527485025657 42.4652815025897
13.3602164240463 42.465372820562
13.3631422717415 42.4654351837855
13.3642567774926 42.4657150575367
13.365266054001 42.4658716872594
13.3669240198594 42.4657257842377
13.3671845485817 42.4656596121837
13.3673930210359 42.4656000778481
13.3678388797321 42.4654142254537
13.3684044784544 42.4652813086291
13.368825958802 42.465221969976
13.3690952982168 42.4651241238992
13.3696000062001 42.4650847812414
13.3699829915171 42.4651103422156
13.370302569357 42.4651211284769
13.3706084457817 42.4650799356008
13.3709344785977 42.4650528677336
13.371118680509 42.4650697114743
13.3713793226816 42.465055702337
13.3715478724394 42.4651140000056
13.3716464210444 42.4650959091397
13.3718430541132 42.4650598125773
13.3721368374293 42.4650058810918
13.3723319249416 42.4649700671569
13.3727655181554 42.4649530839092
13.3730535103616 42.4649324089423
13.3732454278275 42.464900807775
13.3734350360827 42.4649044335462
13.3737686156938 42.4648514001313
13.3740518955032 42.4648399659786
13.37423979619 42.4648436309393
13.3743329708303 42.4648623594187
13.374614522049 42.4648509386886
13.3748962195908 42.464805881096
13.3749878226481 42.4648582176944
13.375267019254 42.4648551664802
13.3755445744375 42.4648909545599
13.3758231073411 42.4648629378173
13.3761465777384 42.4648719993272
13.3763314848999 42.4648595899113
13.3766541270061 42.4648189622999
13.3769294480896 42.4647343651499
13.377157783181 42.4646583710435
13.3772942625349 42.4646339219277
13.3776123466604 42.4645237546581
13.3777935493972 42.4644689517951
13.3779742326115 42.464445223881
13.3781545194569 42.46442154758
13.3783344146811 42.4643979228425
13.3785587297769 42.4643684636806
13.3788217907931 42.4642867032188
13.3789964609633 42.4642353898336
13.3792603981426 42.4642122175279
13.3795239969638 42.4642219640689
13.3797432559405 42.4642409908379
13.3799619408935 42.4642599677487
13.3801790122873 42.4642461797136
13.3803545775096 42.4643070813696
13.3805277931771 42.4643034908518
13.3808293838068 42.4642751144375
13.3811282622466 42.4642149336858
13.3812558563422 42.4641892415708
13.3816807733687 42.464111378471
13.3818924153481 42.4640739224371
13.3822715412568 42.4640068237517
13.3823973975016 42.4639845493708
13.3825648034127 42.4639549208913
13.3830204758284 42.4638660165211
13.3831839012056 42.4638294535046
13.383388881184 42.4637885684724
13.3835096044001 42.4637337323293
13.3839187713182 42.4636602917946
13.3841604247628 42.4636093526614
13.3842775911904 42.4635749321986
13.3845110387146 42.4634830003503
13.3846714444815 42.4634528442488
13.3849085652878 42.4633771343238
13.3851077871531 42.4633404618339
13.3854124021719 42.4632513510632
13.3877919619502 42.4627770422164
13.3898816585508 42.4620791061323
13.3932828002335 42.4621653305681
13.3951545445048 42.4619068799509
13.3992516045568 42.4608396013352
13.4012323120925 42.4594126201625
13.4023963586464 42.458304116268
13.4045863665475 42.4576293947111
13.4056913768762 42.4566351312709
13.4065297890426 42.4560226168256
13.4075380576778 42.4557912004941
13.4085581832601 42.4550141273255
13.4097729329289 42.454566027914
13.4107328070343 42.453495893633
13.4119156665061 42.4520420467887
13.4131867196599 42.4513420687887
13.4134894630025 42.4508725131079
13.4146735517435 42.4497670639473
13.4151544562405 42.4495738001039
13.4169104527013 42.4488897496569
13.4189569908967 42.4483185107548
13.4208068040887 42.4478470439224
13.4226772236131 42.447305399129
13.4241122525978 42.4469068174521
13.4431386757096 42.4473788352462
13.4464504533232 42.4458816790314
13.4485796240363 42.446080519055
13.4498813006836 42.4463384549759
13.4507175471816 42.4461882757048
13.4511816475848 42.4460137676669
13.451763525807 42.4459871953388
13.4530770036265 42.4458356167826
13.4541089716493 42.4466173245006
13.4565743039998 42.4473359591699
13.4584473428029 42.4471850793941
13.4627084800104 42.4463747814012
13.463543276731 42.4463324116229
13.4650777801695 42.4460223654928
13.4664787695254 42.4458585587433
13.4676995736961 42.4460933187734
13.4698013900333 42.4460224876209
13.4711325564252 42.4459195371279
13.4736995537023 42.4460711738692
13.4750450284583 42.44607322413
13.4753749931172 42.4461323604345
13.4762894131131 42.4460898765521
13.4772970293106 42.4460192716874
13.4784378691217 42.4460197857785
13.4790425984322 42.4460853004345
13.4799107736587 42.4461057869837
13.4804748999691 42.4461113882352
13.4811505372595 42.4460819265242
13.4817828097425 42.4460890350981
13.4824057095582 42.4445858310182
13.4872266377899 42.443235936956
13.4898166961609 42.442813123509
13.4938955898521 42.4419489717364
13.4956656949389 42.4417068147415
13.4961710242924 42.4417717084646
13.4965727943161 42.4415970897076
13.4970732228008 42.4415213249758
13.4974305792384 42.4415856659514
13.498120144308 42.4416037047909
13.4985371129099 42.4417545568603
13.4992207320866 42.4416732831624
13.5000003902136 42.4418565029397
13.5009315290921 42.4421080140312
13.5017136673686 42.4424772846716
13.5020885433954 42.4426569925733
13.5024586593021 42.4429405021721
13.5031435185179 42.4430585031165
13.5034096786602 42.4429956746736
13.5041501157439 42.4430784156242
13.5041635089816 42.4430895946609
13.5045753999416 42.443203957734
13.5155815599486 42.4372034611798
13.5198365402267 42.4366579932079
13.5248763271991 42.4348025487885
13.5261197242367 42.434145721718
13.5282979306535 42.4319104367819
13.5336718625304 42.4286229964601
13.5391485975905 42.4258264470599
13.5408074021746 42.4250745330285
13.5453723397432 42.4239280481204
13.5496866379428 42.4235792059377
13.5515851995414 42.4234568256678
13.5542331647075 42.4231317456666
13.5575093802363 42.4221588850167
13.5591261242123 42.4217549356746
13.5617407178967 42.4216042605307
13.5646194407312 42.4217045214351
13.5657850483918 42.421503955681
13.5686472643104 42.4210060963298
13.5716642886861 42.4212541110048
13.5748242772548 42.4212861376153
13.5790565168007 42.4210718978326
13.5824785286779 42.4191807739099
13.5855895142699 42.4181539806786
13.5880661810348 42.4169340887157
13.5892082431064 42.4167484302642
13.5901500216966 42.4164471960683
13.5911502275155 42.4162082194159
13.5923504088904 42.4159691138075
13.5935826591009 42.4156996431468
13.5947911968597 42.4155006136347
13.595570753947 42.4154304131075
13.5966319394203 42.4152418517209
13.5973099994237 42.415141813851
13.5985647273233 42.415102370084
13.5988481701127 42.4150804747408
13.6002289440339 42.4152083153141
13.6012033135235 42.4150173276253
13.6023214931831 42.4147914332013
13.6033913553834 42.4146012147475
13.6053512759737 42.4144395032068
13.606590817517 42.4143612605889
13.6082666493164 42.4144145156877
13.609211069081 42.4143258236603
13.6101670824228 42.4143074055533
13.6115253372007 42.4145453535639
13.6129815669246 42.4147153444989
13.6137503391011 42.4147061577719
13.6150001588655 42.4146745934395
13.6166831144419 42.4147383624234
13.6175317846084 42.4149318779595
13.6182796962378 42.4149827022627
13.6189868264681 42.4150693778592
13.6195565277913 42.4151288263737
13.6199513237105 42.4152691671568
13.6203200179013 42.4153136216093
13.6210769158206 42.4153711986749
13.623037080252 42.4158942648238
13.6261019812324 42.4164357356639
13.6285622648937 42.4168881697453
