13.2144821772208 42.499556051355
13.2150984447598 42.4994483039911
13.2153786476308 42.4992904306546
13.2157217116556 42.4988296010656
13.2160110115579 42.4985787716577
13.2162924258378 42.4982165927685
13.2166759533341 42.4979668462909
13.2170219588215 42.4977965319866
13.2174445906017 42.4977106102188
13.2188990130162 42.496983355699
13.2196317742491 42.4967520249495
13.2202153760074 42.4966653954778
13.2208593898525 42.4965457462342
13.220968647797 42.4965291743994
13.2252436035234 42.4957444017925
13.2260976679884 42.495928509999
13.227139428313 42.4953987071816
13.2280913424408 42.4952427736343
13.2282155618483 42.4952383431303
13.2295532100317 42.4950688590375
13.2315385631772 42.4942816935175
13.2315974241853 42.4942664910716
13.2325546272504 42.4935372000544
13.2325987415673 42.493492239726
13.2332182217649 42.492811079387
13.2345984945783 42.4921038940188
13.2364438141553 42.4919066598512
13.2372555097534 42.4917561591472
13.237638609183 42.4916384856333
13.2383327610916 42.4911045000557
13.2390715022704 42.4906349738922
13.2397052721352 42.4904760960885
13.2402283413176 42.4903656351878
13.2407458474857 42.490213632174
13.2413875046761 42.4898889328156
13.2419868419141 42.489608343226
13.2427074424756 42.4890146157242
13.2434977605148 42.4885829196816
13.2441109989574 42.488407710856
13.2445914521688 42.4882601422297
13.2453723665248 42.4878997321834
13.2475355084085 42.4868138482894
13.2489446034609 42.4861592370472
13.2491589208302 42.4860542894881
13.2508332224666 42.4851654324751
13.2509536241274 42.4851130661074
13.2512431377644 42.4849907719801
13.2528280923292 42.4844918247496
13.2534620678976 42.4843328305347
13.2553346207588 42.4837386165988
13.2554909784002 42.4833248087158
13.2555106720301 42.483252351045
13.2558301049485 42.4827730020119
13.2562526599711 42.4824591011504
13.2564742168816 42.4822391002326
13.2565756610422 42.482078465383
13.2568157313049 42.4819855301278
13.2571536458638 42.4818033804983
13.2575503268791 42.4814028010208
13.2578892553026 42.4810787797339
13.2583662915944 42.4808138147084
13.2588430879024 42.4804591949212
13.2594489341261 42.4802038865748
13.2600329789867 42.4799956476399
13.2602086675497 42.4796491894864
13.2600096640177 42.4789215292511
13.2602391927231 42.4785119678117
13.2606855961051 42.4781381496433
13.2612521301193 42.4778252063302
13.2615850248104 42.4774135765413
13.2618034637256 42.4768545914394
13.2618079640556 42.4768203836985
13.2618781465105 42.4766117717841
13.2619027872648 42.4761567408894
13.261896695527 42.4760076635545
13.2620707541651 42.4758816443616
13.2623919802073 42.4757588539497
13.2628340377443 42.4756273995129
13.2630372484795 42.4755399340184
13.263069866949 42.475541437722
13.2639392624797 42.4741542684585
13.2655777680761 42.4724362154255
13.2659083873568 42.4715206145511
13.2658855012749 42.4714187888897
13.2659515064956 42.4713900997745
13.2660053347738 42.4712861515552
13.2660757605057 42.4712861154393
13.2661405036223 42.4712637178944
13.2661503165625 42.4711981342067
13.2660852032829 42.4710875801371
13.2661187742748 42.4709656573648
13.2661460812885 42.4708651808189
13.2667237030646 42.4706207324361
13.2667971946845 42.4704768593692
13.2670097502565 42.4703067165809
13.2670956927586 42.4702302359266
13.2670377632662 42.4701213338018
13.2669332748711 42.4699831921992
13.2670522016812 42.4698857471844
13.2678284819052 42.4696192763283
13.2684060399711 42.4691899398934
13.2689195711178 42.468862110383
13.2698242412137 42.4686161474447
13.2706888388661 42.4686272318244
13.2716469293631 42.4688711714623
13.2722049366667 42.4687812893653
13.2725294253255 42.4679635065504
13.2733707747677 42.4676702139293
13.2737392906886 42.4671219020754
13.2742226763927 42.4666705817731
13.2738887021302 42.4658474155518
13.2739503634332 42.4653297046492
13.2739983663585 42.4649477241385
13.2743505667975 42.4646407304038
13.274695434079 42.4641756959427
13.2749460062944 42.4636699950222
13.2749711007192 42.4632203018382
13.2751761493952 42.462545428063
13.2754033477253 42.4619995727109
13.275498113461 42.461732177755
13.2756047819344 42.4607921756543
13.2757536254928 42.4602757196687
13.2766378704022 42.4594350660045
13.2774193047541 42.4590472914044
13.2776346217924 42.4588944390556
13.2777420099861 42.4588579235041
13.2778243703947 42.458798458492
13.2779062799369 42.4587377789294
13.2779780138862 42.4586858448888
13.2780700076495 42.4586197378118
13.2781412099409 42.4585445952542
13.2781818892961 42.458473715408
13.27820227764 42.4583926344718
13.2782330900414 42.4583115489796
13.2782744131613 42.4582221873718
13.2783262134382 42.4581497204691
13.2783884603902 42.458069925218
13.2784302616212 42.4579888550729
13.2784924282326 42.457918859101
13.278658129536 42.4577469194591
13.2787308335508 42.4576777830391
13.2787727915499 42.4576324396375
13.2788667707681 42.4575559008438
13.2789713231257 42.4574715496887
13.279054360794 42.4574170147989
13.2791475589398 42.4573469170292
13.2791883938505 42.4573229667158
13.2793103129859 42.457258797137
13.2794011143742 42.4572183405832
13.2794805597568 42.4572082142985
13.2796786772481 42.457202714354
13.2798809684174 42.4572030425656
13.2800228496098 42.4571976382977
13.2801387898916 42.457150017336
13.2802192813446 42.4570972477329
13.2803425344347 42.4570225680253
13.280473629143 42.4569471141314
13.2806107683361 42.4568783218651
13.2806876862883 42.4568193371513
13.2807574138592 42.4567529575939
13.2808276255107 42.4566861182314
13.2808753928677 42.4566338057382
13.2809652130096 42.45655836943
13.2810403590971 42.4564827597902
13.281107450971 42.4564064871852
13.2812103497567 42.456321510246
13.2813022147777 42.4562432992012
13.281393083526 42.4561642858226
13.2814837630973 42.4560845176768
13.2815772891202 42.4559958422986
13.2816541824092 42.4558912743571
13.2817141293001 42.4558029311633
13.2817637055155 42.4557063068555
13.281814358153 42.4556170934144
13.2818347505526 42.4555191726143
13.2818644871108 42.4554371126581
13.281911902034 42.4553557134453
13.28199594949 42.4552839285674
13.2821466731215 42.4549358476101
13.2821610005305 42.4548449760339
13.2821753555275 42.4547243706144
13.2821887318774 42.4545752789109
13.2822132850809 42.4544583762276
13.2822531735785 42.454378979231
13.2824195050834 42.4538918943465
13.2825353772184 42.4536676312611
13.2825856153282 42.4534784754273
13.2827541986428 42.453230737788
13.282765576342 42.4531519445558
13.2828322256343 42.453042188922
13.2828563876807 42.4529233649857
13.2829209921654 42.4528140896027
13.282971957324 42.4527045190767
13.2830370482462 42.4525943790903
13.2831178584275 42.4525037748692
13.2832133779242 42.452433184576
13.2832682488584 42.4523929308682
13.2840110926779 42.4518312433884
13.2842528348342 42.4516838560159
13.2845162550849 42.4514966716635
13.2848573812729 42.4512309636561
13.2851465877548 42.4509957528794
13.2854757783277 42.4507884633601
13.2862290627812 42.4505080654525
13.2871708925417 42.4502480180327
13.2877911105934 42.4498012272339
13.2884598305458 42.4492688062326
13.2890209014109 42.4488973948421
13.2891689680392 42.4488145269975
13.2896687432846 42.4484585156115
13.2899846422152 42.4481751777289
13.2901682550856 42.4479621582604
13.2903883180626 42.4477965553612
13.2907999183361 42.4474832423114
13.2910485917864 42.4473568790839
13.2913782762986 42.4471586480342
13.2916535966048 42.4469311428508
13.2924199446765 42.4464277398182
13.2929527340773 42.4462649014199
13.2931714513498 42.4462035669199
13.2934427927065 42.4461021190527
13.2937239981664 42.4460137674686
13.2940242071826 42.4459265971827
13.2942551486677 42.4458736206365
13.2945052642109 42.4457884295411
13.2947301387188 42.4456876626281
13.2949847988318 42.4455840245245
13.2951932874866 42.4454644267215
13.2954645570332 42.4453131445832
13.2956209044666 42.445179922811
13.295770848942 42.4449987685119
13.2959743967572 42.4447981385073
13.2962232376656 42.4446138889592
13.2963835055475 42.4445105001332
13.2966077466301 42.4443585113272
13.29699724598 42.444081118765
13.2973824064057 42.4436278952349
13.2975070516783 42.4434942718927
13.2976620319069 42.4433252935336
13.2977480665015 42.4431381314222
13.2977893335367 42.4429670858335
13.2979226509727 42.4427451877016
13.2980568022584 42.4425396559256
13.2982917172568 42.4421968574922
13.2984512566645 42.4418684451886
13.2985751258837 42.4417105694692
13.298757891685 42.4415182852814
13.2989412908733 42.4413257702766
13.2990561575838 42.4412036146693
13.2991943008107 42.4410452023894
13.2994025894898 42.44090294917
13.2996337701127 42.4408349630603
13.2999104480317 42.4408039479597
13.3003010321443 42.4407749148522
13.3005285056695 42.4407813173477
13.3014500006218 42.4406824844509
13.3016274239176 42.4406305050245
13.3017923380655 42.440357981012
13.3031865073525 42.4395426464744
13.3033071924539 42.4394804071853
13.3034493034458 42.4393293752616
13.3037729534074 42.4391706797041
13.3041426200237 42.4390388464352
13.3043945851836 42.4388694608273
13.3045321598041 42.4387842240697
13.3047155136265 42.4386970080857
13.3053392523169 42.4382116916852
13.3055014554952 42.4380589598157
13.3056175462201 42.4379229954435
13.3057786900098 42.4377341629255
13.3058735102603 42.4375647976966
13.3060397224042 42.4373949957894
13.3062281151614 42.4372577447038
13.3063934111845 42.4371028663449
13.3065577865087 42.4369817511601
13.3066990024536 42.4368778217468
13.3070077372192 42.4366868964801
13.3072452111139 42.4365301262415
13.3074229059794 42.4364488378033
13.3077750180936 42.4362667074686
13.3079702143699 42.4361733291958
13.3083330125196 42.436089468509
13.3117621063451 42.4349834104008
13.3160065910358 42.4337742198688
13.3194844654067 42.4337931530578
13.3210359113048 42.433809463834
13.3232027828942 42.4335936856168
13.3248866687216 42.4327432037875
13.3264099724253 42.4320944774331
13.3268727937535 42.4316985928214
13.3276311307557 42.4310082552844
13.3280757342557 42.4307636379121
13.3289339516038 42.4304486361312
13.329530734804 42.43023668136
13.3303087917268 42.4296429396368
13.3325769393984 42.4275472428039
13.3341162393857 42.425929871014
13.3367267367233 42.4232387971948
13.3393291520671 42.4214791252741
13.3401884066722 42.4213702631428
13.3445586243755 42.4198848332788
13.3475782643253 42.4188017961337
13.3507543204529 42.4174675194756
13.3523196267863 42.41681612688
13.353602131286 42.4163373696603
13.3545846484296 42.4158363577256
13.3554415046488 42.4155765723094
