13.5430289637015 42.3853621435579
13.5441239608283 42.3849021104746
13.5462924954573 42.3837851122755
13.5490275867559 42.3829127122196
13.549995529649 42.3826172300673
13.5514605469933 42.381981366709
13.5523900568933 42.3817129918266
13.5538484129026 42.3809669255412
13.5553811603357 42.3800185038769
13.559782214646 42.3779702044955
13.56204029225 42.3765841349025
13.5654622845672 42.372114906445
13.566689860731 42.3705009006715
13.5693281035626 42.3686829375239
13.5698486071026 42.3683567563658
13.5704207049634 42.3681236022394
13.571868505989 42.3673338264702
13.5721799361036 42.3671045385686
13.5731280830707 42.3660768314221
13.5740853662579 42.3652629487619
13.5750139050189 42.3646131470535
13.5757017999045 42.3642926553205
13.5767168243946 42.363659057947
13.5772672464559 42.3631263318653
13.5784058315959 42.3622423084281
13.5793002155381 42.3617361396062
13.58008081074551 42.35780429026045
13.5794803095555 42.3561975385057
13.5796409696728 42.3560790694652
13.5797447775525 42.3551219375148
13.5800596293795 42.3547798824828
13.5801570794756 42.3540464339099
13.5807357398801 42.3533985657192
13.5809997382066 42.3527619693689
13.5811233400417 42.3523391660605
13.5812797127202 42.3517833703921
13.5816109586202 42.3513202449493
13.5822069402972 42.3499992287505
13.5827787884499 42.3490246113946
13.5827284514431 42.3480094515512
13.5827712023894 42.3476208218858
13.5831884542564 42.3472017246562
13.5837944941526 42.3469450639505
13.5848357034637 42.3466626456416
13.5851163540767 42.3464784448637
13.5853199859557 42.3463260254715
13.5854876144818 42.3462006240218
13.5858738299434 42.3459309769493
13.5861012897879 42.3457192290874
13.5862232270173 42.3455786814816
13.5863748862774 42.3452062321637
13.5868171944479 42.344654187658
13.5874510292901 42.3440521180926
13.5880817597002 42.3435899753434
13.5883717679617 42.3432652538784
13.5886702834691 42.3430449331718
13.5899695626638 42.3421912601733
13.5900589602081 42.3418991198749
13.5902506754883 42.341415670889
13.5907485906814 42.3409264616891
13.5919451838305 42.3395831204329
13.5932284582472 42.3378315749442
13.5948850196925 42.3358967013021
13.5959771251745 42.33473684674
13.5972096743474 42.3330215615126
13.5984161351472 42.3319054228336
13.5998949208329 42.3305819496793
13.6011023102534 42.3296888480298
13.6014085420728 42.3294631988823
13.6021536967401 42.3287979877334
13.6027297281621 42.3282853024302
13.6035424126978 42.3278889853576
13.6041411989204 42.3275569893904
13.6052627727342 42.3272201137739
13.6077110231032 42.3261837793394
13.6108660493175 42.3243216520916
13.611320075514 42.3237911230473
13.612136682448 42.3231765104641
13.6130377330051 42.3227329818016
13.6150105216662 42.321836190264
13.6157581190478 42.3212807000403
13.6160520325881 42.3209485464623
13.6166610592793 42.3207235317214
13.6171050037674 42.3202798764066
13.6178705099434 42.3197148102646
13.6186573061064 42.3192514401138
13.6192827943178 42.3186802823076
13.6200816144084 42.3180986788414
13.6213211820633 42.3173002874327
13.6219428817674 42.3168440697048
13.6231830203235 42.3159335600791
13.6239593684431 42.3154762570863
13.6256344724488 42.3141273281834
13.6268555377462 42.3132266591998
13.6279234306878 42.312438956039
13.6294666220064 42.3117767477771
13.6324668229705 42.3104934240597
13.6360412912871 42.3097470992127
13.6392760255792 42.3091233089895
13.6410069664524 42.308547868877
13.6428505720013 42.3078571606507
13.6442905764863 42.3074285107569
13.646128970499 42.3070870105825
13.6478930172887 42.3060290701752
13.6494891720511 42.3053229971252
13.6497410994029 42.3047632085588
13.6498322817163 42.3028282264637
13.6501351939641 42.3023770086695
13.6505923193834 42.3019250428436
13.6508974418439 42.3015857981719
13.651045724106 42.3009079458551
13.6515041455405 42.3000020210884
13.6515046889225 42.2996622386002
13.6516593887776 42.2988697127757
13.6521203390544 42.2983040229683
13.6522746018129 42.2977386873422
13.6524266493339 42.2972858713318
13.6525806354414 42.2970600889999
13.6527335078186 42.2963815170748
13.6533446230678 42.2958155826872
13.6538031191748 42.2951367828121
13.6539554685833 42.2945706912983
13.6542612205533 42.2942312660492
13.6542604156166 42.2937776599926
13.6545660100265 42.2933246818608
13.6554828833885 42.2917391498293
13.655940173582 42.2908261350327
13.6562454018539 42.2899147592813
13.6570112950253 42.2892389024717
13.6574705187382 42.2887837666473
13.6585425919702 42.2875318863069
13.6591557012581 42.2867341625629
13.6600760552 42.2858210141818
13.6606884564194 42.2853702003439
13.6611491343381 42.2847989084698
13.6619148621897 42.2841202086634
13.6623747535721 42.2837794557825
13.6631397022188 42.2834430579738
13.6636029360926 42.2830933769674
13.6639141976469 42.2827408920397
13.6645405623521 42.2824084077299
13.6656059512625 42.2815959756786
13.6660684781114 42.2811369353311
13.6666836464279 42.28068003341
13.6671456564486 42.2803362329242
13.6677611620689 42.2798790011566
13.6683764204931 42.2794223400952
13.6691442797467 42.2788537748511
13.66960522321 42.2785122156066
13.6703734858096 42.2779429398434
13.6705271398244 42.2778290794505
13.6714513636205 42.2770284571514
13.672220302667 42.2764582435524
13.6728376063608 42.2759988441965
13.6739127096769 42.2750889568512
13.6757489253689 42.2737336757638
13.6766623248902 42.273062050543
13.6777317110084 42.2721591355013
13.6783288995361 42.2714767222528
13.6791286512111 42.2707739658655
13.6798962640127 42.2700915663794
13.6803641221922 42.2696271552266
13.6805316822461 42.2691535676067
13.6809989182839 42.2688039953092
13.6813091238668 42.2685726878547
13.6830531597669 42.2683944127654
13.6853714789208 42.2674638694533
13.6861210120406 42.2669138773605
13.6867274447237 42.2656349120019
13.6873552752146 42.2649891305485
13.6885269654425 42.2639747474527
13.6893532312587 42.262877443835
13.6895939414666 42.2614811125603
13.6908873943857 42.2605146845219
13.6913439448715 42.260329175363
13.6917294843144 42.2601065109256
13.693268482941 42.259163954268
13.694218692941 42.2586912096517
13.6949556902352 42.258161029966
13.6951011712126 42.2577674996492
13.6952265127105 42.2575968210803
13.69561441478 42.2573049992558
13.6961400204595 42.2568581164315
13.6968513689294 42.2562952003382
13.6980035218294 42.2557711188198
13.6983658736114 42.2556121883435
13.7001173545754 42.2548160770496
13.7009842805255 42.2540944888706
13.7016522015295 42.253297409858
13.7021134417059 42.2528413152172
13.702581952347 42.2524914142371
13.7027418986534 42.2522571035695
13.7033569062147 42.2518006630084
13.7038243678389 42.2513381183894
13.7047485268517 42.2505379731673
13.7053453454747 42.2502139857754
13.7059438607788 42.2497743357287
13.706395305913 42.249441916154
13.7070086264274 42.2488733240862
13.7073137364226 42.2486474508016
13.7081167978099 42.2481557672167
13.7089435653052 42.247412869748
13.7097553721567 42.2469132585552
13.710882945298 42.2459496206458
13.7120756185968 42.2450357864757
13.7130395913119 42.2444255405896
13.7135239875364 42.2439464582684
13.714157334932 42.2437018228758
