13.9868084409549 41.7698752301064
13.9866326697851 41.7684286277214
13.9864714724719 41.7663581034737
13.9864638722123 41.7650987247217
13.9859897308486 41.7634667954158
13.9860078888581 41.7633519575504
13.9863229305357 41.7631691082799
13.987046654025 41.7628795144381
13.9877438258352 41.7622535609184
13.9876716338735 41.7611150184746
13.9875143120737 41.7592504686609
13.9874333424627 41.7554643266418
13.9878745718137 41.7533450245673
13.9883898478433 41.7503819592741
13.988998843385 41.749589576689
13.9904804118303 41.7474965618472
13.9906689378255 41.7453082440088
13.9912104075182 41.7442733524392
13.9917276136899 41.7423798785876
13.9927803007492 41.742182126427
13.9941557675633 41.7421032495964
13.9948080400779 41.7420514684393
13.9952093418443 41.7416733896212
13.9970624828274 41.7399182151339
13.9981932974187 41.7392288719396
13.9998789932056 41.7379043646893
14.0006026951676 41.7373474161675
14.0010670755874 41.7365166111914
14.0022683035819 41.7358305601211
14.003450210436 41.7349594093655
14.0053270927729 41.7335385832653
14.0063171625123 41.7326926610379
14.0087605720742 41.7315927255531
14.0107461411758 41.7303408397976
14.0113845877947 41.7297872908508
14.0115858482832 41.7292552186029
14.0129351156828 41.7252499748237
14.0137033429006 41.7226647937616
14.0141018920185 41.7202279078238
