13.3901285743669 42.2600738812397
13.3960399799128 42.2553660692895
13.4070189228043 42.2484643030905
13.4071020751701 42.2483459750946
13.4089852120657 42.2475930433363
13.4107858763552 42.2471051783318
13.4113756038594 42.2470203804006
13.4117790636202 42.246864580868
13.4128281102443 42.2465033385434
13.4144176496686 42.2461914758976
13.4161789011896 42.2455151297643
13.4174446532286 42.2448920526237
13.4198418217937 42.2444284640984
13.4210019958829 42.2438323003715
13.4228527477312 42.2427206872183
13.4240367071906 42.2417109786437
13.4261884928597 42.2404384200535
13.427792903563 42.2397929869137
13.429184616348 42.2392424175204
13.4295122843334 42.2391725280704
13.4296523636272 42.2390648318639
13.4300538051259 42.2388930268514
13.4302207243976 42.2387664952117
13.4306032814466 42.2385480861586
13.4310479941302 42.2380739563065
13.4313146124942 42.2377852436224
13.4316009844913 42.2375908230235
13.4320532663922 42.2372433124695
13.4328025828375 42.236950125665
13.4334505286787 42.2366954964966
13.4340772487471 42.2366487855249
13.4343100930945 42.2364756960888
13.4345539934016 42.2363152465789
13.4347157237798 42.2361505740736
13.4347064952974 42.2360183265802
13.4347377146148 42.2359635966595
13.4348074119079 42.2358980294019
13.4350057944158 42.2357120625105
13.4350401638834 42.2356676113221
13.4352038560142 42.235540538279
13.4352877813071 42.2354416169473
13.4353250910798 42.2353464675613
13.4353679993113 42.235284200455
13.435411627346 42.2352362492692
13.4354749285051 42.2351873717589
13.4355310079616 42.2350945670797
13.4357333178624 42.234813361123
13.4360670218194 42.2346292029662
13.4364290776193 42.2344259424904
13.4365362588303 42.2343305216886
13.4370550912757 42.2339609588269
13.4371454855769 42.2339067949066
13.4372902181838 42.2338447255931
13.4375183914886 42.2338022443006
13.4379733932119 42.2335495391806
13.4379814437703 42.2335505464712
13.4384495544137 42.2333935431313
13.4385861120396 42.2333494303813
13.4388514196608 42.2331871025361
13.4389870994641 42.2330938034334
13.4390481550006 42.2330640257283
13.4390764164014 42.2329936678927
13.4391098403082 42.2328935628089
13.439153089811 42.2328431466754
13.4392245064507 42.2328340471778
13.4392941189611 42.2328284226784
13.4394816052316 42.2326630632033
13.4397861109624 42.2320062084598
13.4403196016412 42.2309216331201
13.4403229430752 42.2309133461527
13.4405341269799 42.2306323015273
13.4408410916039 42.2303700349407
13.4409470084887 42.2302508123516
13.4411606424523 42.2300090466365
13.441422407471 42.229777043846
13.4418620060091 42.2293572044399
13.4419253281407 42.2292994465388
13.4421284642339 42.2292254594341
13.4422609393029 42.2292008228411
13.442400456933 42.2291500139287
13.4424797827591 42.2291160757998
13.442574407935 42.2292116128527
13.4428270213612 42.2292236083723
13.4431090991311 42.2289031679064
13.4431384384357 42.2288116315978
13.4432761718396 42.2287245116383
13.4433399065069 42.2286946057997
13.4433227398494 42.2285806270591
13.4432665805816 42.2284903064027
13.4431864396095 42.2284172748741
13.4432183486886 42.2283848803338
13.4432655746845 42.2283685542866
13.4433403203087 42.2283551280308
13.4434780948607 42.2283330425463
13.44359264702 42.2283153827045
13.4437312466278 42.2282783505956
13.4438588444908 42.2282381241839
13.4440478574521 42.2281837032182
13.4444899313921 42.2280210116257
13.4447081808263 42.2279299400887
13.4448711165303 42.2278495668616
13.4451274625024 42.2277718162207
13.4452413417654 42.2277282671365
13.4454247137927 42.227692075197
13.445571270904 42.2276593708264
13.4456893437446 42.2276183778698
13.4457746828192 42.2275676447202
13.4459360279933 42.2275088088254
13.4460759593136 42.2274874911656
13.4462984545678 42.2274546361608
13.4464040886439 42.2274390170552
13.4468302183065 42.2274493491252
13.4470355908948 42.2274595053458
13.447088024048 42.2274695281073
13.447306328862 42.2274519905412
13.4473839774793 42.2274481360045
13.4475086751495 42.2274559943239
13.447606257137 42.227468487003
13.4477029293301 42.2274488988182
13.4478576338318 42.2274117792958
13.4479983713147 42.2273903655493
13.4481135680687 42.2273488510215
13.4483877658907 42.2271883952359
13.4484481546002 42.2271297709584
13.4484809729475 42.2270949394983
13.4485403824079 42.2270878327419
13.448578801181 42.227081443566
13.4486144196941 42.2270675291264
13.4486561455063 42.2270408593968
13.4486737993618 42.2270205320027
13.4487135070389 42.227000805304
13.4487332529794 42.2269940291061
13.4487896903785 42.226987784291
13.4489963777474 42.2269221402268
13.4491630615503 42.2268987110765
13.4492389790033 42.226910320703
13.4493325852969 42.2269299541955
13.4493891335072 42.2269607417704
13.4494356123662 42.2269811637245
13.4495053488365 42.2269774549826
13.449634188049 42.2270075556234
13.4498495814516 42.2269832371804
13.4500219089985 42.2269152952483
13.450094255455 42.2268762070942
13.4503691313872 42.2267307098976
13.4505749317906 42.2266101726436
13.4510520905516 42.2263671952769
13.4519433257495 42.2261591509052
13.4529122108234 42.2258775054422
13.4539639656392 42.2249279369271
13.4542468547395 42.2246445992965
13.4544533561729 42.2243777667989
13.4545356061143 42.2241585522063
13.4548283322546 42.2239117633504
13.4554083352399 42.2235412004852
13.4555265726631 42.223452191415
13.4555548409586 42.2234382116323
13.4556131206224 42.2233875221878
13.4557222986363 42.2233322840729
13.455802791985 42.2232966448976
13.4559267786588 42.2232396787029
13.4560643007183 42.2231462841672
13.4561147858386 42.2230105132307
13.4561543042244 42.2229783791202
13.4561721728056 42.2229212638155
13.4562180178055 42.2228407219567
13.4562077400518 42.2227892251383
13.4562545750202 42.2227456643344
13.456310182269 42.2227151289808
13.4563713437537 42.2226903881657
13.4564179436619 42.2226415018445
13.4564848627247 42.2225673740238
13.4565717098619 42.2224591634888
13.4565828726021 42.2223905823032
13.4567478973219 42.2222788599743
13.4568433651796 42.2222579968779
13.4569483758012 42.222251956754
13.4569805609646 42.2222642947685
13.4573118127961 42.2223331089021
13.4576574880367 42.2223836922137
13.4578888056753 42.2223532814151
13.4580144635593 42.222357749259
13.4581572186944 42.2222311062898
13.4582204991172 42.2221560174309
13.4582469224094 42.2220965003118
13.4582604087373 42.2220207972009
13.4584526832008 42.2218416836319
13.45862482417 42.2216991703306
13.4587078000321 42.2216381229144
13.4587783681231 42.2215992165298
13.458792110516 42.2215653399303
13.4588166233455 42.2215166162613
13.4588600950828 42.2213562912215
13.4589134956984 42.2212406419807
13.4589365435286 42.22115773794
13.4589598281069 42.2210681198274
13.458985475449 42.2210371889453
13.4589776737167 42.2210042197204
13.4589624289832 42.2209687949465
13.4590023008782 42.2209068453579
13.4590825259969 42.2208818130393
13.4592021433637 42.2208521997971
13.4592215553225 42.2207708203928
13.4592182438793 42.220710592156
13.4592483225757 42.2205366942703
13.4592784556295 42.2204249655073
13.459313690744 42.2201966564418
13.4594809508257 42.2200748471358
13.459664058535 42.2198833985491
13.4598276548093 42.2197027426492
13.4602259497464 42.2194141692316
13.4603769806598 42.2193203468769
13.4606054394577 42.2191846033044
13.4607638997177 42.2191370630964
13.4608362921654 42.2191530787591
13.4610522944934 42.2190905822849
13.4614465570814 42.2187401793585
13.4615186098229 42.2185019455215
13.4616947121674 42.2183743294088
13.4618275546268 42.2183775064352
13.4621143428057 42.2182927516582
13.4628016337664 42.2181841490299
13.4629071718296 42.2179413200406
13.4629762986016 42.2177141769118
13.4631898068849 42.2170461439024
13.4634277012022 42.2166463237262
13.4635231283397 42.2161953979056
13.4633923866662 42.2159815118743
13.463278459143 42.2158792816751
13.4632776116386 42.2157099339282
13.4634049874263 42.2155967178565
13.4634834313671 42.2153929087595
13.4636652013491 42.2151843501834
13.4637846285935 42.2148447417511
13.4639801826183 42.2145054256347
13.4642656290359 42.2143409787399
13.4644445464468 42.2142599283681
13.4646166062321 42.214251887311
13.4647493055878 42.2141721732482
13.4648734561476 42.2141229803926
13.4649474820609 42.2140457859925
13.4650696868739 42.2139981496615
13.4651604483674 42.2139364788601
13.4653333560041 42.2137932854158
13.4657133861711 42.2136571064827
13.4659957301955 42.213310235856
13.4661231450874 42.213188064028
13.4661600825755 42.2130284418153
13.46630463391 42.212947357452
13.4665804153569 42.2128377021002
13.4667156961164 42.2126442660354
13.4670303626391 42.2123592044949
13.4680195165126 42.2118896400013
13.4680717171581 42.2115323724466
13.4682146672928 42.2113645730985
13.4684022324724 42.2110614345231
13.4691144597014 42.2103586796142
13.4703715587499 42.2096451324975
13.4711061540262 42.2091322690061
13.4726338091682 42.2083805561237
13.4736462393626 42.2075861203868
13.4761137215748 42.2051929171566
13.4780544187339 42.203158672493
13.4799250476345 42.1978183748456
13.4815359086738 42.1950032221707
13.4819366110831 42.1927376659175
