13.0493387002711 42.1883911444595
13.0496129497218 42.1881060626972
13.0500346841238 42.1875853396746
13.0506558377837 42.1870282852666
13.0514339942532 42.1859976422699
13.0519898446 42.1854276609958
13.0546474404549 42.1828548437546
13.0556698048774 42.1816937982088
13.0579863290809 42.1797867853272
13.0593723419774 42.1790618834173
13.0610857223743 42.1778383792021
13.0648733613823 42.1757775569068
13.0664421334477 42.1750678440316
13.0684705846963 42.1741129466249
13.0706781094525 42.173119709399
13.0740947516961 42.1720705550789
13.0787920138585 42.1678654958492
13.0790312397802 42.1677252105373
13.0799391190898 42.1669427604667
13.0802620278311 42.1664072700348
13.080580439125 42.1659544770853
13.080760632363 42.1654530551743
13.0809886071482 42.1650883949506
13.0815998125497 42.164251171031
13.0817848159029 42.1640371859586
13.0820499323861 42.1636607271001
13.0825878611299 42.1626541706782
13.0829563055768 42.1621566755208
13.0834006249574 42.1613924207145
13.0837220373769 42.1609388298972
13.0842585244157 42.1600943265353
13.0845608604587 42.1596397298571
13.0852314016185 42.1589658269005
13.0863506405148 42.1577798028755
13.087213883959 42.1573239872208
13.0888069250442 42.1562289334295
13.0904996073633 42.1551244250057
13.0918671190294 42.1542247119298
13.0930609511673 42.1535049182504
13.0941131674256 42.1527282919685
13.0954406544578 42.1518784472945
13.0973764580821 42.1506776400885
13.0978088503437 42.1503828706691
13.1000140537405 42.1491444162565
13.1121642549147 42.1381607127079
13.1125410008939 42.1379034475563
13.1130424667775 42.1372328390162
13.1139212943969 42.1367166758765
13.1146315171932 42.1363745587849
13.1151602125093 42.1360753534957
13.1156916419019 42.1356579325275
13.1166703399435 42.1350963114475
13.117019033017 42.1348848063869
13.1174294500246 42.134509820452
13.1177494274951 42.1341082046792
13.1181037502792 42.1337038011415
13.1255018628462 42.1268167314088
13.126875571889 42.1257256032648
13.128271062267 42.1246717163735
13.1289737470783 42.123833505959
13.1304359682317 42.1211917028659
13.1307624824071 42.1190282024763
13.1315326662385 42.1174592905354
13.1332922397621 42.1154629450228
13.1349995842647 42.1136260594237
13.1373387096199 42.1114011898186
13.1385299690257 42.1099271433034
13.1387436189045 42.1095321404352
13.1398234254439 42.108857808195
13.1435964532085 42.1067840976826
13.1463044052143 42.105142376967
13.146973806358 42.1046586309722
13.1471979906783 42.1043342419505
13.1485076822792 42.1033193845017
13.1496270821166 42.102391161454
13.1504731683235 42.10170498788
13.1524764274306 42.1007556610701
13.1534121786228 42.1002981277001
13.154798931656 42.0996157697702
13.1559851046991 42.0989181142356
13.1581144012267 42.0985494101832
13.1603373410259 42.098194015802
13.1618724685798 42.09745460906
13.1635051981321 42.0963240628554
13.1653170304417 42.0952772144304
13.1667289242374 42.094523625737
13.1677309204771 42.0944229059816
13.1678938125027 42.0944153728316
13.1692233353965 42.0940676895763
13.1698388393153 42.0938790446181
13.1725509503032 42.0917564425923
13.1733881514222 42.0908546441414
13.1736142287999 42.09045382028
13.176275842672 42.0874917145013
13.1781704534111 42.0859318223558
13.1807266520345 42.0847925916788
13.1808797578068 42.0847546680078
13.1835187277564 42.0839993357336
13.1859420454625 42.0828466366595
13.1873864354248 42.0817284676374
13.1885746705935 42.0810018441088
13.1912110428079 42.079495643243
13.1937616182322 42.0777887345038
13.1970796255267 42.0760975053089
13.1995327530497 42.0742373541169
13.2021389829776 42.0717895114971
13.202787574487 42.0704964039287
13.2047790785773 42.0695670732758
13.206129065434 42.0690087244233
13.2068525910192 42.068173103089
13.2081308245483 42.0674469690621
