13.73618556811278 42.1241631710508
13.7432952261428 42.11728475422947
13.74853295219028 42.11096443432524
13.74775061232113 42.10865106042078
13.74853329062352 42.1078837611836
13.75109177300769 42.10666062059302
13.7530961317156 42.1054362280847
13.7539099738788 42.1046937118215
13.7544858670385 42.103971157985
13.7556944300027 42.1030025983534
13.7570090362565 42.1022426099917
13.7581844249812 42.1010312937014
13.7590180073542 42.1000588802689
13.7609096496319 42.0991284469377
13.7623619348191 42.0984762200683
13.7630355819484 42.0981936662532
13.7633325441411 42.0978617072714
13.7636000467388 42.0972512164021
13.7639987325277 42.0967526269389
13.77816362492281 42.07664431018346
13.78001413353883 42.07506140636868
13.78366500632396 42.07400079130661
13.78678934869146 42.07181093418607
13.78826342256762 42.07070195127231
13.79152453120801 42.06923781061356 
13.79247700388738 42.06795234313588
13.792772422115 42.06607017309117
13.7939392258809 42.06417525051264
13.79483426075859 42.06277738971027
13.79529346161224 42.06141094553816
13.79377044019889 42.05871146995844
13.79291989023921 42.05705991348647
13.79610656060036 42.05064913923532
13.79839770540657 42.04719226830512 
13.79936551124966 42.0444874288446
13.79964031529706 42.04114313888243