13.5562365388933 42.066993135265
13.5644031633984 42.063457531515
13.5832745688745 42.0586740017116
13.6005110844452 42.0538243119293
13.6143137171887 42.0491026031327
13.6286902010498 42.0417081115115
13.6349774422875 42.0366766115826
13.641190337591 42.0309042916208
13.6497713594169 42.0234798456593
13.6589347121497 42.0176607171192
13.6589842493478 42.0176491441303
13.6591449438781 42.017638864314
13.6593000697785 42.0175977057861
13.6594299558956 42.0175666700767
13.6595735298181 42.0175399079781
13.6596778659674 42.017467586627
13.6597216383359 42.0173926847863
13.6598003644346 42.0173160045052
13.6598795292393 42.0172555717697
13.6599936569274 42.0172178518562
13.6601075801108 42.0172124475251
13.6602306319388 42.0171751414512
13.6603190414526 42.0171235865235
13.6604294569572 42.0171033748662
13.6605388790332 42.0170833448249
13.6606387046059 42.0170611491824
13.6607554507876 42.0170530055252
13.6609026857075 42.0170306296203
13.6609861197403 42.0170643292101
13.6611032497948 42.0170692582375
13.6613620007831 42.0172358768582
13.6614186722908 42.01721026068
13.6614796545352 42.0172088034322
13.6615313546044 42.0172025169132
13.6616030949069 42.0171792835392
13.6617433694623 42.0171363087768
13.6618140252609 42.0170856685029
13.6618847969133 42.0170394944498
13.6620260021565 42.0169900319728
13.6621422025255 42.0169684673363
13.6622602917202 42.0168871972053
13.6623508037194 42.0168521423596
13.662485896505 42.0167808620068
13.6626209882252 42.0167971960945
13.662676307883 42.0167884328551
13.6628061517001 42.0167558840464
13.6629593362497 42.0167226552166
13.6631443980818 42.0166814924106
13.663228707795 42.0166505127296
13.6633233230856 42.0166195162681
13.6634254196112 42.016566956657
13.6635603088861 42.0165286705625
13.6636548549618 42.0164910629388
13.6637477409827 42.0164467903982
13.663849881104 42.0164029958773
13.663960780317 42.0163597968931
13.664103452082 42.0163173725244
13.6642035494578 42.0163029706577
13.6643149985784 42.0162137925722
13.6644018277732 42.0161771273187
13.6645051101255 42.0161361942919
13.6645882301691 42.016073729034
13.6646899785462 42.0160403009031
13.6648090674426 42.0159791712622
13.6649002190865 42.0159247199604
13.6649744686809 42.0158461662756
13.6650738192742 42.0158349373836
13.6651433619337 42.0158050343551
13.6652314074313 42.0157736722361
13.6653192013056 42.0157216395633
13.6653888762547 42.0156830875142
13.6654508719121 42.0156296616485
13.6655415222984 42.0155474709003
13.665776002412 42.015127341536
13.6658411391032 42.0150925958089
13.6660779140953 42.0150005753131
13.6662655654729 42.0149894102878
13.6664953170497 42.0149732401433
13.6667015934489 42.0149297208276
13.6668947265885 42.01473985617
13.6670066312 42.0145548737422
13.6671033922129 42.0144235374275
13.6671835054561 42.0143041476716
13.6673631093453 42.0142092740615
13.6675198580541 42.0141320821021
13.6676749097517 42.0140418683982
13.6679664954699 42.0139151184434
13.6682330936915 42.0138207886737
13.6684401529572 42.0137704895799
13.6686075564425 42.0137211286147
13.6687912646159 42.0136989352226
13.6689723524717 42.0136772410097
13.6691511424668 42.013630325088
13.6693274484543 42.0135438861005
13.6694670730179 42.013472850971
13.6696578989237 42.0134406711476
13.6698303807628 42.0134360873449
13.6700361868861 42.0134182132918
13.670256899323 42.0133871604507
13.6703747744851 42.013358634571
13.6705440796561 42.0132783503239
13.6706957994982 42.013160095468
13.6708807230245 42.013093358292
13.6710814337133 42.0130780585262
13.6712309429845 42.0130378380759
13.6715946354697 42.0129318806791
13.6747813411102 42.0122311813209
13.6759293209493 42.0107359496593
13.6771833794116 42.0088392395234
13.6777382746643 42.0082779871784
13.6783074684435 42.0078551843363
13.6785799844911 42.0074759040628
13.6787931997299 42.0065599148951
13.6788698127061 42.0062124917945
13.6790101889029 42.0060091464987
13.6793448063536 42.0054899749593
13.6793957774667 42.0050904820544
13.6795342174523 42.0049740317115
13.6798139661908 42.0049246830585
13.68005392289 42.004757407416
13.6804804133094 42.0043934776065
13.681084922634 42.0040520166645
13.6813741058865 42.0037668461709
13.6819178249587 42.0034443223169
13.6827656590436 42.0031449058728
13.6835335771949 42.0027013886076
13.6845152725077 42.0024292066046
13.6850233030923 42.002347623459
13.6854413076467 42.0021680318799
13.6858209055139 42.0020762931464
13.6861456773807 42.0019890700491
13.6866047529209 42.0019288629431
13.686754096266 42.0020289767038
13.6869963924303 42.0021077521674
13.687220359255 42.0021146665852
13.6875624710046 42.002065852157
13.6878071710294 42.0021073491277
13.687996923265 42.0020351304403
13.6881699385834 42.0019237146396
13.6883194909785 42.001819041978
13.6884512276996 42.0016800179052
13.6887172257029 42.0014887026559
13.6890799806812 42.001376778252
13.6893259289787 42.001274355705
13.6896789887903 42.0010681884372
13.6898057676445 42.000988397845
13.6899827291385 42.0008975913713
13.6903107328273 42.0008258013975
13.6905997923682 42.0008179132413
13.6909342646296 42.0007378865079
13.6912300334485 42.0006884455285
13.6915933523037 42.0005357779027
13.6917373950872 42.0005386311238
13.6918888191902 42.0006300937808
13.6921238336849 42.0006067937933
13.6923805561645 42.0005191329289
13.6929379370146 42.0004384736865
13.6932349440723 42.0004982126546
13.6934017480381 42.0005086608413
13.6937030379926 42.0004749846063
13.6938510310509 42.0004674947644
13.6940772224509 42.0006898237634
13.6943164182554 42.0007100733516
13.6944790088081 42.0006634176979
13.6947656050939 42.000703278734
13.6954696618442 42.001042310025
13.6956288825288 42.0009725882066
13.6957282497611 42.0009237736612
13.6958245004613 42.000837631945
13.6958962774473 42.000725661341
13.6959289840453 42.0006679264258
13.6961160225991 42.0005172180919
13.6962786057393 42.0003964960388
13.6966009025447 42.0002315504398
13.6968346744003 42.0001553222686
13.6970415692968 41.999987962871
13.6973447976544 41.9996407218101
13.69781956484 41.9991965465221
13.6980517529879 41.9990633733215
13.6983227624149 41.998818685998
13.6984948032383 41.9986981690775
13.6986753522472 41.9986070799068
13.6991834173185 41.9985223174702
13.6995623990607 41.9983586868683
13.6997219729245 41.9982991078961
13.6999620263673 41.9982176937415
13.7004112863264 41.9979693738158
13.7006496304689 41.9977985919455
13.7007556368578 41.9977174493661
13.7009475617507 41.9975558671125
13.7012801549717 41.9970923965959
13.7014214964727 41.9968612247871
13.701754350655 41.9966588699786
13.7020763947593 41.9965446671683
13.7024121245092 41.9962651454682
13.7025301649079 41.9962189139609
13.7026842758973 41.9961729842858
13.702878077405 41.9960928530552
13.703232047349 41.9960350244756
13.7034094976298 41.9959937050589
13.703630385371 41.9958793572174
13.7038074662639 41.9958143831824
13.7039585312833 41.995753585998
13.7041827189474 41.9956217558258
13.7045257497471 41.9954377456271
13.7047079553137 41.9953765977199
13.7048740364241 41.9953183203892
13.7050341598872 41.99521756194
13.7052016191896 41.9951072771081
13.7054440400392 41.9949220381738
13.705593612184 41.9948487959288
13.7058172392855 41.9948114768673
13.7059932063627 41.9947155439791
13.7060723958473 41.9946280317888
13.706218953522 41.9945433225087
13.7065902795485 41.994372009042
13.7070563644963 41.9941736278635
13.7074801892834 41.9938345768289
13.7077849514708 41.9936362640524
13.7080495428658 41.9934551894879
13.7081659336619 41.993401448349
13.7082547914727 41.9933456700132
13.708517624454 41.9932449683205
13.7087088996851 41.9931245853873
13.708798767048 41.9930228038209
13.7088865651238 41.9928881902917
13.7089739883464 41.9927581431324
13.7090304747227 41.9926854188702
13.7090688143347 41.992543325666
13.7092256987896 41.9924180868491
13.7096010348649 41.99221392772
13.7097107755515 41.992167530642
13.709822559519 41.9921441050581
13.7100533635487 41.9920803619484
13.7102848212982 41.9919664915719
13.7104041929206 41.9918742622994
13.7105513252617 41.9917849045313
13.7106318677353 41.9917138539854
13.710671924993 41.9915734222247
13.710763942764 41.9913768047891
13.7109069644978 41.9911372396729
13.7109662931385 41.9910323766487
13.7113170278768 41.9907819492042
13.7115156274102 41.9906374383393
13.7116115643721 41.9905093482168
13.711668642685 41.9903725763404
13.7120395786446 41.9901735827936
13.7125669125182 41.9900042907981
13.7168584078349 41.9890523424036
13.7169931711599 41.9886384133857
13.7173959716633 41.988070733453
13.7180049035392 41.9875843448647
13.718553931762 41.9872523654265
13.7187524829254 41.9867628201012
13.7188786945033 41.9864337667304
13.7189754041702 41.9862983788676
13.7190871933146 41.9861609655595
13.7191590009586 41.9859991038005
13.7191769718602 41.9857657108818
13.7194853784708 41.9851493779076
13.7194220664828 41.9848291867232
13.7197894096175 41.9842794003872
13.7202934373294 41.9837714467349
13.7206923357307 41.9831503883695
13.7212014560863 41.9827249594381
13.7214608022959 41.9823591196124
13.7218991575002 41.9819558863609
13.7220999417465 41.9815557610449
13.7224672939559 41.980708442574
13.7228195640516 41.9802946431518
13.7229121965531 41.980059928946
13.7230435965208 41.979767902009
13.7233640000683 41.9794784757418
13.7234764190327 41.9793721241084
13.7236972960961 41.9793340195899
13.7239888538471 41.9791903283835
13.7243524011846 41.9789264395176
13.7245692889614 41.9783903159664
