13.9577157314791 41.9156814178788
13.9582500565313 41.915079053807
13.958854618121 41.9142245899381
13.960712368552 41.9136183794765
13.9617278702512 41.9126024871789
13.9630138905401 41.9117863051772
13.9672888805218 41.9111362016312
13.9690884896092 41.9105654452
13.9701693597466 41.9097824951363
13.9714029836067 41.9079240787632
13.9718326762762 41.9068378589079
13.9729774906639 41.9057335745807
13.9737568425895 41.9039615369733
13.9742522641564 41.9024936494024
13.9747421230293 41.9009105979079
13.9754351778555 41.9000320680839
13.9766052509522 41.8993459594448
13.977918244439 41.8988593649832
13.9801564627679 41.8971487940397
13.9824714853332 41.8956283123509
13.9839425047791 41.8945017211926
13.9984021648163 41.8905913150205
13.9999560852951 41.8900483796607
14.0012231614402 41.8897651684495
14.0031966535005 41.8891550244531
14.0041362696881 41.8884553617189
14.0048737271866 41.888105273283
14.0060579711858 41.887865782488
14.0073936194456 41.8876039104772
14.0084654948531 41.8873827060853
14.009418524726 41.8870519039091
14.0110899611563 41.8865665631006
14.0118969385272 41.8859005329579
14.0123153945367 41.8848114025107
14.0130945743488 41.8834989607506
14.0136366907462 41.8827405934827
14.0145683728124 41.8818028631048
14.0156498348398 41.8809760366517
14.0157708702371 41.880908391174
14.0162485943733 41.8805079893146
14.0172617024947 41.8795368892571
14.0180459022607 41.8782898792663
14.0186486027118 41.8772196119613
14.0194244781721 41.8764613722418
14.020153537312 41.8756833984221
14.0209952262324 41.8746585236865
14.0214794662698 41.8741004095182
14.02352792025253 41.87126395862057
14.02542186031831 41.86885091361874
14.02856610071712 41.86709053423161
14.03089332844838 41.86662740753258
14.033855263815 41.86697236987116
14.03540251127039 41.86709609131132
14.0373384700443 41.867325827969
14.03966398581 41.86756176893504
14.042245924557 41.86760147176654
14.04480013864568 41.8667419398533
14.04669509307897 41.8657779872218
14.04741552616569 41.8645067818012
14.04747445739857 41.86274826857534
14.0497642449574 41.8475909696299
14.0508036877111 41.8458960335999
14.0518297918327 41.8445491933183
14.0524398377374 41.8434160135417
14.0528406348093 41.8415170702046
14.0534401264157 41.8397815318495
14.0543733497215 41.8366170309932
14.0540834052696 41.8295039508773
14.056604457043 41.8277615521334
14.0574856504533 41.8269392013311
14.0585065729376 41.8259470326667
14.0591734496177 41.8244045801695
14.06006018332153 41.82272618913402
14.06102334813152 41.82156678270444
14.06212956496961 41.82060945950995
14.06304543339563 41.8201468617878
14.0638663370011 41.81912584599247
14.06398414327536 41.81797996100781
14.06327014287459 41.81667436441394
14.06238748406817 41.81619532489093
14.0622575093813 41.8154184633228
14.06251431026395 41.81466468714338
14.06393356200764 41.81348089113094
14.0642940559256 41.81253297776993
14.06428834880306 41.81153194542542
14.06426051949443 41.80934028411438
14.06424578775746 41.80908722702953
14.06312122335584 41.80836109379956
14.06272032300904 41.80756234616137
14.0623427458703 41.80670322197499
14.06036667497539 41.80577552909445
14.06064459861137 41.80479739599039
14.06104062971822 41.80413161442503
14.06184495369792 41.80389627418875
