13.4002544185424 42.1316953072494
13.4006543843935 42.1317563631563
13.4016000282561 42.1317564270015
13.4025517137324 42.131661932174
13.4036692992917 42.131412531788
13.4039196157699 42.1312876382121
13.4047762590118 42.1308835813674
13.4056374735705 42.1310893101399
13.4061592572323 42.1309066181472
13.4070210140911 42.1302522597619
13.4075442631093 42.1298992756199
13.4080949579668 42.12981706135
13.4087424692441 42.129587511799
13.4091141791914 42.1293415098135
13.4093639712959 42.1292004386718
13.4097323211816 42.129012136036
13.4103948582503 42.1289008836481
13.4111760180656 42.1286730790676
13.4116520543677 42.1284921099874
13.4123316142424 42.1283064914947
13.4128633249104 42.1280097906075
13.4132305521691 42.1278522165217
13.4138448916856 42.1276604496144
13.4141577815139 42.1274162691928
13.4145369783948 42.1274330626118
13.4149602508479 42.1274827284722
13.4151907311245 42.1272846461329
13.415841622053 42.127168540186
13.4164482558894 42.1271353249756
13.4235722696602 42.1239228327531
13.423896205749 42.1239238423181
13.4243468353659 42.1238801340287
13.4250296644615 42.1238614396726
13.4255637513904 42.1239161096502
13.4261187523876 42.1239209990752
13.4270041441015 42.12394881199
13.4275030322785 42.1237828464332
13.4278967503577 42.1236037173119
13.4285254525966 42.1234966090193
13.4289303696295 42.1234892926562
13.4292733814113 42.1235917403751
13.4297942720149 42.1236874396364
13.4302507816915 42.1237468323286
13.4308774863748 42.123801464543
13.4311528206081 42.1237157018243
13.4314416461668 42.1235625332866
13.4316539026443 42.1236076086492
13.4321777314605 42.1235899437931
13.4325601745518 42.1234315118413
13.4328045254198 42.1234414311082
13.4331695427716 42.1234865084297
13.4334998288193 42.1234856017942
13.4337022216751 42.1235854754124
13.4341261185538 42.1236341900592
13.4346274119938 42.123340075051
13.4350246381071 42.1231872041795
13.4355161179069 42.1231239967909
13.4361173265172 42.1230652764244
13.4365025376113 42.1230307132346
13.4369358329558 42.123064376859
13.437458661421 42.1230264156032
13.4376937897972 42.1228789379172
13.4380722800574 42.1226799084218
13.4385388131518 42.1226025216622
13.4389643950239 42.1225710821124
13.4394576363328 42.1225386089415
13.4402126652711 42.1222930927555
13.4411788328978 42.1217531517283
13.4421694071621 42.1214775776791
13.4428856232642 42.1213339061351
13.443356494558 42.1212440289331
13.4435787704611 42.1210816453901
13.4437805672254 42.121018743381
13.4442929279681 42.1209432888418
13.4446017420395 42.1209277404799
13.4449111142905 42.1207594292835
13.4450523787859 42.1205939199851
13.4452534441667 42.1204509300885
13.4454121131132 42.1203946788829
13.4455434825723 42.1203811893443
13.4460428631519 42.1203473656649
13.4464279251234 42.1202231879003
13.4467538008073 42.1201502901364
13.44709565256 42.1200652078823
13.4473510257981 42.1200301800939
13.447620931243 42.1199430823564
13.4478937429225 42.1198662347792
13.4480327472598 42.1197649911937
13.4482624154457 42.1196821039791
13.4484990072349 42.1195829514581
13.4486867106951 42.1194564259477
13.4488749497737 42.1191272886549
13.4489891200388 42.1189782128608
13.4492923659033 42.1189220033239
13.4495942812342 42.118835661108
13.4497449276296 42.1187827720878
13.4499181384829 42.1186267332015
13.4501840611111 42.1185214551663
13.450651284869 42.1184271456174
13.4510808063901 42.1182858632954
13.4513607755954 42.118239144376
13.451581710163 42.1182065259315
13.4518450947749 42.1181053258212
13.4520268975997 42.1180581651358
13.4523386426135 42.1180109245801
13.4525001431633 42.1179555801136
13.4526662082358 42.1179197141131
13.4529650032957 42.1179847809341
13.4533597810826 42.1180601298185
13.4538262545995 42.1181157677207
13.4541262047261 42.1181517715946
13.454362398618 42.1181918759559
13.4547971257416 42.1181623075651
13.4551102076568 42.1180668479863
13.4554095748232 42.1180484011807
13.4556296787586 42.1180928406229
13.4563190236615 42.1181563227476
13.4567565562248 42.1181613423557
13.4569273968005 42.1181861785564
13.4571470321701 42.1181093836502
13.457343954151 42.1179907331106
13.4575662391103 42.117918594207
13.45780492766 42.1178743568905
13.458417007704 42.1177913958849
13.4590214432965 42.1177090231887
13.4594726634453 42.1176794599366
13.4599367339849 42.1177627303854
13.46023668467 42.1179383930035
13.4607522404761 42.1179283883661
13.4610392241124 42.1181861266703
13.461338422608 42.1183294305691
13.4619882023155 42.1183513005401
13.4624517079467 42.1182535017705
13.4629632478233 42.1179459943769
13.4714868969838 42.1141097769554
13.4724850292051 42.1137011274558
13.4738121408179 42.1131306825094
13.4749058547741 42.1130441875817
13.4763650671766 42.1130472482221
13.4770569844852 42.1129189130317
13.478103499221 42.1129962002449
13.4797800621553 42.1131818400562
13.4806087212683 42.1132391590826
13.4824159693596 42.1134839073743
13.4842304739784 42.1133578566424
13.4844220215395 42.1133369412421
13.4852860704186 42.1132130276148
13.4859262193007 42.1132892546551
13.4865616921538 42.1133249120482
13.4867381229967 42.1133234639587
13.4915240113959 42.1146247977795
13.4925381650081 42.1142416153181
13.4932084202893 42.113868538095
13.4937095926579 42.1134053812531
13.4941906092803 42.1128336228869
13.4948248486341 42.1122445645141
13.4952432218739 42.1117510934805
13.4960094321987 42.1108717566824
13.4969323323998 42.1099396562951
13.4972165701378 42.1097292083602
13.4975667418756 42.1096156793681
13.4979820035955 42.1096008138532
13.498606603234 42.10970078301
13.4992044648158 42.1096297512008
13.4997464354994 42.1092916146299
13.5003473710243 42.1086195355178
13.500580863613 42.1080832478334
13.5007998372277 42.1074056932334
13.5011896843083 42.1067194540127
13.5012581986416 42.1066674590624
13.5016244845885 42.1065416768305
13.5020500356201 42.1064363524613
13.5021210528538 42.1064046559265
13.5026918791464 42.1062029590123
13.502792528159 42.106138705555
13.5034623449885 42.1056083808854
13.5039806780063 42.1052887440269
13.505917108284 42.1029400526464
13.5065580500968 42.1027121543107
13.5070919575177 42.1024768711269
13.5071625919691 42.1024506091083
13.5075646599352 42.1022667494418
13.5081022929971 42.1020846637465
13.5081616873809 42.1020674811444
13.5085513413534 42.1020428554462
13.5090767613541 42.1021042938508
13.5486298576651 42.0776255480956
13.567607942495 42.0500348145863
13.5689711350783 42.0491270883468
13.5854418063635 42.0361707963238
13.5922325807152 42.030839569517
13.5974965744066 42.0238748236814
13.6091003095524 42.0113522417321
13.6092823883892 42.0111273346341
13.60958516226 42.0106779945182
13.6098280687421 42.010227353622
13.610194141546 42.0098656342783
13.6104988630586 42.0094591787295
13.6109260051235 42.0090521637767
13.6111694609578 42.008600834784
13.6115316202307 42.0081982236725
13.6118940601922 42.0078405167949
13.6123211314594 42.0074336404708
13.6129969170465 42.0067954160523
13.6133652092989 42.0064763308658
13.6137946262862 42.0061569584598
13.6142848923873 42.0057923097492
13.6145913509496 42.0053386133672
13.6150194285505 42.0049753368068
13.6154479317963 42.0046113237205
13.6158744281318 42.0042497665574
13.6162398351241 42.0038885291461
13.6166660889151 42.0034821545699
13.6169704720554 42.0031212063137
13.6173956044564 42.0027616551918
13.6178212700888 42.0024014769357
13.618186414092 42.0020409242559
13.6185515974209 42.00163575942
13.618978182934 42.0012753216605
13.6192835538751 42.0008688277861
13.619711203852 42.0005071240596
13.6201386881808 42.0001902007308
13.6205663065385 41.9998279290052
13.6209940905146 41.9994202636836
13.6213002985161 41.9989669490979
13.6217277122249 41.9986499838028
13.6222165389862 41.9983781822049
13.6227055265998 41.998060976938
13.623072561482 41.9976529629865
13.6235001385759 41.9972452614279
13.6239279405831 41.9969280509742
13.6244785054025 41.9966104981197
13.6249685150492 41.9962925953444
13.6255181221222 41.9960662830325
13.6287003597264 41.9948071293644
13.6307417485918 41.9933758820611
13.6315589518675 41.9928641046828
13.6330476449174 41.9921508825312
13.6342610830133 41.9914400281492
13.635208344094 41.9910323991831
13.6365539252695 41.9902211717247
13.6382116458214 41.9891861892083
13.6390306593569 41.9884700620458
13.6403958139113 41.9873444054459
13.6413480906166 41.9862225868716
13.6422908159231 41.9852067823702
13.6436257860835 41.9840944892728
13.6445580736662 41.9831843109989
13.6457857647231 41.9823650254968
13.6468859061554 41.9814412407611
13.6482638868199 41.9807176435255
13.6494926367328 41.9796952319762
13.6505747890573 41.9787791072745
13.6513858496163 41.9780668221968
13.6526117824551 41.9770458591957
13.6538416782171 41.9765311399173
13.6551780217615 41.975823028491
13.6567183055595 41.9753957012713
13.6579716117712 41.9747718311291
13.6587935985653 41.9743605825712
13.6628157360614 41.970355305523
13.6633396246316 41.9700611741275
13.6635451268738 41.9699632282538
13.6641910464999 41.9697090313283
13.6648457854136 41.9695658069875
13.6656857880295 41.9693812642304
13.6666923105878 41.9693095490743
13.6675422136589 41.9691964788323
13.6684259225294 41.9690006263678
13.6724888860063 41.9693676658915
13.6728223146513 41.969084080189
13.6732640202363 41.9688668272891
13.6737075588041 41.9686850934426
13.674149157882 41.968431567033
13.6744943942704 41.9682493540067
13.6749384712034 41.9680679451191
13.6753830696152 41.9678864462327
13.6758792597952 41.9677404361694
13.6763277610624 41.9675551473232
13.6767751579649 41.9673714369616
13.6772729400645 41.9672241530379
13.6777714080601 41.9671864439825
13.678270086763 41.9671830595802
13.6788173042453 41.967036426768
13.6792655168145 41.9668531639118
13.6796654083486 41.9665609470097
13.6800662261973 41.9663042827041
13.6805659952102 41.9661933995428
13.6811139121119 41.9660809203942
13.6815156971854 41.9658597690839
13.6819190343676 41.9656386060981
13.682319342311 41.965341237914
13.6828663874472 41.9651919225754
13.6839685596304 41.9645477981895
13.6870834416334 41.9630166734125
13.6881677089328 41.9626073637533
13.6893842106787 41.9617935912584
13.6906030461101 41.9611832253734
13.6915474354257 41.9604734753511
13.6926264432507 41.959764720384
13.6937029166079 41.9589559987726
13.6945070541594 41.9580468178937
13.6957162218392 41.9571374090307
13.6963850229577 41.9561255239279
13.6975947416546 41.9554185648314
13.6986691603477 41.9548131766949
13.6998766082668 41.9539040672746
13.7009494064252 41.9530962954512
13.7016194955008 41.9526933898927
13.7032065752808 41.9517083315003
13.7042661953887 41.9510143327741
13.705063064462 41.9507976116587
13.7051005321591 41.9507829633538
13.7052325508959 41.9506858555502
13.7053461915781 41.9505753519136
13.705441634209 41.9504513950698
13.705500231531 41.9503139556905
13.7055954187954 41.950188184044
13.7056910873796 41.9500626434761
13.7058052067914 41.9499504626329
13.7059354214021 41.9498363969583
13.7060484655077 41.9496957118819
13.7061611396198 41.9495971733812
13.7062910031152 41.9494702662257
13.7064915571417 41.9493989806509
13.7068081721333 41.949308716603
13.7068704955764 41.9492904260171
13.7070749034614 41.9492496588487
13.7073173131491 41.9491796142264
13.7075203919239 41.9491512252687
13.7077686267701 41.9491275438204
13.7079317643492 41.9491119801069
13.7081112376144 41.9490696847908
13.7082871558852 41.9489894764145
13.7084398676935 41.9488739171595
13.7085298218459 41.9487540029418
13.7085984026225 41.94862417957
13.7086666717595 41.9484811923302
13.7088360263714 41.948406959172
13.7090249328813 41.9483565340045
13.7092296326739 41.9482802700206
13.709394166119 41.948221147205
13.7095156822732 41.9480794251647
13.7095850461754 41.9479891918659
13.7096528219497 41.9478614974847
13.7097581647423 41.9477311366842
13.7098267551259 41.9476022891441
13.7099685524567 41.9474706761663
13.7100740182171 41.9473663603852
13.7102162554898 41.9472735777898
13.7104607336545 41.9468434041028
13.7104605206644 41.9468303997552
13.7105670815709 41.9466985167791
13.7106920444487 41.9466057428323
13.7108344386541 41.9465131748887
13.7110114580601 41.9464471144363
13.711151929203 41.9463686178953
13.7112748791146 41.9462642812462
13.7114485936946 41.9462388387926
13.7116203925361 41.9462266662426
13.7118060495163 41.9462278215254
13.7119891122181 41.9462289645319
13.7121867678517 41.9462300913337
13.7123519501712 41.9461928919958
13.7124705268782 41.9461046761402
13.7126229293574 41.9460039210624
13.7127594073266 41.9459155290803
13.7129108007977 41.9458403058918
13.7130442509237 41.9457780035703
13.713208020581 41.9457168194735
13.713618609459 41.9456981446401
13.7138208584957 41.9456675702432
13.7139979170255 41.9456284040256
13.7142076801169 41.9455643821032
13.7143995204082 41.9455886944911
13.7146203166992 41.9455647293552
13.7148297503981 41.9455100398943
13.7150219076231 41.9454907487978
13.7152284651327 41.9454709938325
13.7154111506922 41.9454433045573
13.7155886186837 41.9454180603637
13.7158137252843 41.9453912306586
13.7160054556202 41.9453761261144
13.716155788145 41.9453447899265
13.7163221678373 41.9453123979063
13.7164860377242 41.94526993872
13.7166674307818 41.9452363118395
13.7168116781409 41.9451962925779
13.7170061681253 41.945162759813
13.717134123426 41.9451338245181
13.7174133010658 41.945025646348
13.7174280857545 41.9450147664575
13.7175478154356 41.9449374381316
13.7176664401397 41.9448501579755
13.7178058990888 41.9448013557433
13.717961759424 41.9447616356143
13.7181185904971 41.9447418897405
13.7182733025435 41.9447124672497
13.7184436675111 41.9447022409809
13.7186406970325 41.9446615708962
13.7187903223697 41.9446140347384
13.7189092495531 41.9445683283543
13.7190579682432 41.9445210935547
13.7191757031055 41.9444560015358
13.7192477263909 41.9443534694203
13.7193205600661 41.9442601099137
13.7193788697602 41.9441667768021
13.7194827860321 41.9440707941277
13.7195421213893 41.9439760968773
13.7196169866621 41.9438696891431
13.7196773948718 41.9437311115487
13.7197536378447 41.9435995887144
13.7197999270585 41.943489974462
13.719876863821 41.9434007224098
13.719984312203 41.9433099842869
13.7200469655958 41.943197931451
13.7201756233646 41.9430224419356
13.7202416143614 41.9429740870809
13.72035519838 41.9428791737427
13.7204799440603 41.94279822245
13.7205884351894 41.9427177726486
13.7207594565681 41.9426620611548
13.7209304386171 41.9425582311088
13.7210515599718 41.9424794370207
13.7211727789172 41.942400580147
13.7213021543331 41.9423169841596
13.7214362635709 41.9422080060072
13.7216210691714 41.9421076562034
13.7217667432059 41.9420235688431
13.7219107548723 41.9419404374773
13.7220438692301 41.9418549380783
13.7221716384305 41.9417836910675
13.7223595566183 41.9416789312396
13.7225414072799 41.9415691336552
13.7227027929064 41.9414736229512
13.7228783222026 41.9414002376844
13.7230497675842 41.9413613611103
13.7232023238753 41.9413029634316
13.7234158282422 41.9412528098446
13.7235825402697 41.9412146513454
13.7237171904517 41.9411887816663
13.7238652988963 41.9411521241522
13.7240266619951 41.941115133867
13.7241720614388 41.9410785841216
13.7244433976905 41.9410177432902
13.7244997504738 41.9410056477059
13.7246394863466 41.9409909215209
13.7247913580776 41.9409755654592
13.7249681290205 41.9409594243881
13.7251021321284 41.9409549264053
13.725221309869 41.9409509276284
13.7254173124825 41.9409250541644
13.725571829147 41.9409009073944
13.725699017585 41.940858289399
13.7258248088656 41.940845219265
13.725974545242 41.9408319879071
13.7260983866502 41.9408196953172
13.7262210249576 41.9408170274645
13.7263551598897 41.9408048437626
13.728693087907 41.939821355917
13.7287289478999 41.9397846400162
13.7288006201719 41.9397024358496
13.7288720109936 41.9396202948437
13.7289300712538 41.93952842391
13.72899948298 41.9394366907569
13.7290685730859 41.9393543941068
13.7291372921014 41.9392636273909
13.7292290164893 41.9391908883268
13.7293088319362 41.9391275936548
13.729422182242 41.9390465589303
13.7295119594327 41.938983843181
13.7296030944925 41.9389306111902
13.7297040859968 41.938877378411
13.729793072267 41.9388070335261
13.7299260365612 41.9387282793451
13.7299923904369 41.938684799508
13.7300694444599 41.9386155261837
13.730157331071 41.9385551952943
13.7302545842473 41.9384952463885
13.7303514902847 41.9384613759493
13.730461304528 41.938436114611
13.7305824567016 41.9383938603047
13.7306919096222 41.9383773196542
13.730779942653 41.938301060349
13.7308457379378 41.9382503839467
13.7309252253547 41.9381841417455
13.7310377104579 41.9381438202858
13.7311283308434 41.938103545586
13.7312183103721 41.9380635562633
13.7312956049908 41.9380072976543
13.7313587018843 41.9379436242792
13.7314412940298 41.9378809847083
13.7315240875973 41.9378269742365
13.7315856536635 41.9377730970317
13.7316766472878 41.9377285546322
