13.2446163351825 42.0542077542791
13.2474672387215 42.0503026700473
13.2493186955384 42.0471636059395
13.2508290388654 42.0455908822941
13.2520347064953 42.0436657694002
13.2530334468923 42.0418903394279
13.2553029297178 42.0392956708393
13.2580946108082 42.0366526255179
13.2599215512423 42.0350638063531
13.261117588347 42.0342203544175
13.2616404576599 42.0337611851636
13.2621149370886 42.033567622657
13.2624182065375 42.0331897118843
13.2635173941759 42.0320914927115
13.2642537653309 42.0315324612331
13.2656689053967 42.0303015116072
13.267186153395 42.0285100670794
13.2685446076361 42.0271270143214
13.2706440231124 42.0257494756439
13.2724122192458 42.025105854293
13.2734922149161 42.0245731605733
13.2742820155042 42.0240072509052
13.2760248817854 42.0229221449391
13.2773502281212 42.0221470024885
13.2785425884911 42.0212145347716
13.2799880966936 42.0205018542727
13.2814193868262 42.0199350593734
13.2827107243076 42.0191937438262
13.284490004147 42.0182683653263
13.2855454769507 42.0177707354785
13.2872590895108 42.0166602404568
13.2885842872829 42.0162598075185
13.2900452037638 42.0159332957887
13.2914450583629 42.0151629198149
13.2929348762661 42.0147941007934
13.2949578345834 42.0145009632706
13.2969517021301 42.014323499323
13.2977990018806 42.014266810246
13.2984843997557 42.0138675467434
13.2990924741203 42.0136195458125
13.3000715771309 42.0130755580524
13.3016055286986 42.0129338618601
13.3021853864813 42.0127545094269
13.3030939772839 42.0123506734703
13.3044396369637 42.0118858783112
13.3061066769022 42.010353458505
13.3069421495889 42.0096051544799
13.3081003151399 42.0087599508384
13.3092124836806 42.0082155126938
13.3104409287943 42.0076907656613
13.311901751806 42.007219697553
13.3131916847627 42.0068706537148
13.314498063538 42.0064211704638
13.3245824800015 42.0045263529092
13.3264023058885 42.0040822150262
13.3278630324911 42.0033898196746
13.3292800723784 42.0022929215717
13.3300254629169 42.001667969588
13.3308451717949 42.000842303106
13.3313619767533 42.0003641865634
13.3317781145089 41.9998574423942
13.3330286529611 41.9989941075845
13.3337429317636 41.9983608530252
13.3344797314125 41.9973638521792
13.3348810208336 41.9963318164588
13.3357759651313 41.9955850894985
13.3365396257438 41.995242528105
13.3388023831459 41.9937942766338
13.3397581557171 41.9931593316328
13.3408333023916 41.9924333328725
13.3416152441118 41.9919782415847
13.3423322856076 41.9912694275262
13.343058378381 41.9908181495164
13.3436447025542 41.9904489705509
13.3446950927277 41.9899520385691
13.3457334937324 41.989418290868
13.3461457804494 41.9891343927389
13.352113338981 41.9844803549634
13.3532786534642 41.9835058201932
13.354286616428 41.9828427678097
13.3562760180395 41.9819317881798
13.3582047286932 41.9805557492967
13.3595277494959 41.979413400538
13.3609890762227 41.9786796299224
13.3626754401949 41.9779341058694
13.3638834808279 41.9771243291724
13.364472828676 41.9764621586795
13.3654363259862 41.9756823692368
13.3665987790091 41.9749693714441
13.3671610647808 41.9743283702422
13.3672623556506 41.9742403281983
13.3679721417249 41.9734914370108
13.3688177504197 41.9728399682893
13.3699859412129 41.9721572459983
13.370394665216 41.9720716858683
13.3730957886989 41.9709592920179
13.3742695138703 41.9703653700964
13.3743291688565 41.9703382710277
13.3756517536393 41.9698239099346
13.3766501488138 41.9694487775941
13.3784605044368 41.9686399196614
13.3791687394865 41.9684184045013
13.3798378139337 41.9681415040018
13.3807914096074 41.9678260082512
13.3816631025434 41.9674601063268
13.3879788564239 41.9636777261631
13.3891121863838 41.9627988624191
13.3903605083822 41.9620799640869
13.3918222426337 41.9610951175698
13.3947216784031 41.9593392418044
13.3968423728677 41.9579935019971
13.3991804638722 41.9565383703479
13.4002531807197 41.9568149935636
13.4039105263992 41.9574290989137
13.4071753422825 41.957015839225
13.4076203999424 41.9568565013389
13.408391656492 41.9567940389055
13.4222369145461 41.9453759563388
13.4230638080996 41.9445659132131
13.4236072741634 41.943847074987
13.4242239965593 41.9433584443266
13.4251593507088 41.9422684206851
13.4258039699839 41.9418502222532
13.426564341556 41.9412904750166
13.4271908163107 41.94089000348
13.4277438287727 41.9405422494616
13.4286723766754 41.9395399217727
13.4289789330681 41.9391517824748
13.429249633723 41.9387397452142
13.4294856760175 41.9384826623704
13.4370990181947 41.9326620089593
13.437363010645 41.9322904843225
13.4376563032323 41.9319054463125
13.4383039317642 41.9310747895672
13.4388641371083 41.930596364379
13.4396010730684 41.930152557603
13.4402055952386 41.92964524436
13.4410483244446 41.9287614329844
13.4416463903742 41.9282071857966
13.4424304266098 41.9273748943839
13.4430873488122 41.9264583107527
13.4445190430613 41.9246564200199
13.44559683807 41.9237509926243
13.4460332539447 41.9231023991909
13.4465709513946 41.9223372726125
13.4469807718544 41.9216226025016
13.4474444645087 41.9208731618061
13.4480558302321 41.9202711820969
13.4480744788903 41.9202390115778
13.4491712132797 41.9192089665863
13.4495582578815 41.9186966827405
13.4497952773339 41.9183253719425
13.4501483653337 41.9178829317226
13.4503187139776 41.917716523366
13.4509519854772 41.9170553743053
13.4514195924495 41.9164972313861
13.4517439028391 41.9160687065403
13.4519122573511 41.9158758782847
13.4524593662518 41.9155685724735
13.4530052960141 41.9154290656549
13.4533549934917 41.9152398923784
13.4538764079569 41.9147018112264
13.4541907329883 41.9144087937913
13.4547821694752 41.9137522379548
13.4551715906845 41.9133298966844
13.4557335647024 41.9128695276686
13.4562551477528 41.9123796499266
13.4568798443538 41.9118487310534
13.4574359748552 41.9113676844042
13.4570046940397 41.9099573251703
13.4573276220617 41.9096430760239
13.4579870219595 41.9095312902735
13.4584404294624 41.9094253196281
13.4588093694696 41.9091074412584
13.4592955128064 41.9086015828986
13.4596707399975 41.908280425164
13.4605482135825 41.9077017702415
13.4610841130128 41.9072474350886
13.4615396104676 41.9070791572811
13.462080406411 41.9069975453593
13.4626103390278 41.9069451208235
13.4631628522726 41.9069760040694
13.464386622343 41.9067410004995
13.4655573738714 41.9062986826659
13.465656891849 41.9062607430918
13.4664932410968 41.9056240051826
13.4669720414285 41.9052764081926
13.4680991496827 41.9046726045534
13.468236603586 41.9045902300256
13.4683858535901 41.9045100046227
13.4685788449486 41.9043825217849
13.4686651095731 41.9043259170829
13.4691667056476 41.9036473035399
13.4697278178459 41.9031129021069
13.4715614560791 41.901825016127
13.4722978746744 41.9013757563664
13.4728324648432 41.9010018525542
13.4732139046933 41.9005479810815
13.47345334515 41.8998806006489
13.4740650620836 41.8993926456929
13.4747708345809 41.8988428297958
13.4751050876643 41.8980826307621
13.4752256449294 41.8977217606109
13.4741510340267 41.8960834360977
13.4745575462084 41.8954700335422
13.4749535139606 41.8951004288843
13.4754481642924 41.8946669304041
13.4758463730775 41.8944083807374
13.4761114637351 41.8942487221094
13.4765738172207 41.8938453991057
13.4774239340646 41.8932442802574
13.4775853729328 41.8931382712152
13.4780643808066 41.8928978216984
13.4785090297513 41.8926196921931
13.4787294193131 41.8924940893063
13.4795002914592 41.8922401118464
13.4795456939306 41.8922305870855
13.4825516054606 41.8878363165154
13.4828811416322 41.8874770276267
13.4832553776683 41.8870986447307
13.483594622403 41.8867123632787
13.4836270665698 41.886687485168
13.4839485253325 41.8865232951264
13.4839962239024 41.8864983265945
13.4843885904093 41.8863125691981
13.4848350949926 41.8859922538619
13.4845600998774 41.8741973563942
13.4854220411824 41.8739487765098
13.4863474602711 41.8736587150656
13.4870977310063 41.8731827869747
13.4876601753824 41.8727544785442
13.4883188740155 41.8719305261009
13.4885814155576 41.8717097288806
13.4891969352564 41.8712845650872
13.4896390077343 41.8709843332907
13.4899053581356 41.8707035153684
13.4903773223875 41.8698243737224
13.4919168987797 41.867639374797
13.4923386932061 41.8672929419402
13.4930643068848 41.8666859996891
13.49330713565 41.8664240025924
13.4939121402275 41.8659467959681
13.4943955135083 41.8655990170756
13.4949374686457 41.8652972865395
13.4954193536146 41.8650381571031
13.496143273485 41.8646908200285
13.4965698968713 41.8644261152744
13.4970615580945 41.8640704472163
13.4976103046028 41.8637629261482
13.4981020222007 41.8634521981881
13.4985893228737 41.8632768087483
13.4993282534426 41.8629201551489
13.4998018492312 41.8628453091768
13.5005696459437 41.8626903671461
13.5011602015227 41.862573182121
13.5019409232428 41.8623190849297
13.5023642441299 41.8621903079106
13.5031471712023 41.8620221396213
13.5038682001555 41.8618545718648
13.5044299638125 41.861541345405
13.5051058707276 41.8611893015996
13.5057489788787 41.8610756403252
13.5064024040238 41.8608679082265
13.5069267769038 41.8607073082721
13.515829470165 41.8534419232122
13.5167301662326 41.853024522857
13.517478698217 41.8525902267299
13.5176909456906 41.8524874122247
13.5191930993252 41.8518156007742
13.5193478290648 41.8517846244166
13.5203622193379 41.8516708691017
13.5206051793527 41.8516221023165
13.5227683082639 41.8509793912692
13.5241623447926 41.8507492105777
13.5263943357457 41.8509904675562
13.5269429496158 41.850769537715
13.5273203946598 41.8506697225826
13.5286286138631 41.8502441456609
13.5298316607085 41.8496346680002
13.5301437185883 41.8495498455893
13.5316070418514 41.8491734653365
13.5317390906892 41.8491389361849
13.5347129500265 41.8481024638879
13.5363514718805 41.847547303139
13.5370091526678 41.8473808271901
13.5382266930858 41.8460118565942
13.53855126713 41.8457213602007
13.5388637255967 41.8454880537904
13.5391407306675 41.8453693863087
13.5394848755674 41.8450322654376
13.5397871454621 41.8447385108536
13.5402723625401 41.8445608267125
13.5405833171749 41.8443991245735
13.5410546025267 41.8439906949284
13.5418709951741 41.8431748362644
13.5421956066093 41.8429219972759
13.5424805041201 41.8426125169665
13.5427804693411 41.8418853372017
13.5433412329316 41.8414799039861
13.5444847226629 41.8410417356653
13.545394704382 41.8408700174299
13.5458421693564 41.8406415540279
13.5482571672959 41.8388007977544
13.5487604563299 41.8385211185815
13.5490601660457 41.8383373443703
13.5495919894009 41.8380630980199
13.549991164793 41.8378330332705
13.5507523244534 41.8373290544974
13.5513533811223 41.8369645943732
13.5519295762959 41.836677968709
13.5525560963522 41.8363780587602
13.5527397029634 41.8362699492952
13.5529382590253 41.836121705577
13.5530794877229 41.8360008245426
13.5532019310474 41.8359245890578
13.5533754879521 41.8358604108139
13.5535599665623 41.8357918972911
13.5537803621188 41.8357607495237
13.5540245110068 41.8356796428117
13.5542374546602 41.8356084397194
13.5544030562946 41.83553957446
13.5545285458151 41.8355282902874
13.5547281042534 41.8354363584679
13.5548355079149 41.8353930431708
13.5550487383635 41.8353684919429
13.5551929018312 41.8353673882129
13.5552908104974 41.8352850606271
13.5554638333006 41.835146886007
13.5556160091216 41.8350371503088
13.5557533779784 41.8349719241055
13.5561036860512 41.834881740513
13.5564716224689 41.8347761271874
13.5567210394403 41.8346648214718
13.5568341668631 41.8345509886626
13.556887987467 41.8344838821222
13.5572840851328 41.8341373315642
13.5574225895688 41.8340038487431
13.5576449949243 41.8337715097513
13.5578695333444 41.8334310489084
13.5585179594375 41.8329004198505
13.5638250026399 41.8296889410221
13.5639643110237 41.8295282740046
13.564034715682 41.8294771038787
13.5642819461776 41.8293803483034
13.5645078584395 41.829302114906
13.5646291038485 41.8292156352701
13.5648035137484 41.8291355928903
13.5649946971725 41.8290424641863
13.5651511083543 41.8289266982889
13.565238234307 41.8288164280972
13.5653084420363 41.8286956109461
13.5653442551634 41.8285992044487
13.5654498113133 41.8284615901615
13.5655208920896 41.828337835542
13.5655582520118 41.828201668416
13.5656125841854 41.8280766215783
13.565684113222 41.827951142199
13.5657218984841 41.8278149763679
13.5657941246624 41.8276772321591
13.5658831706216 41.8275506741165
13.5659554158504 41.8274251343417
13.566061974906 41.8272989670982
13.5660993748372 41.8271977277889
13.5661889216512 41.8270709390485
13.566313790451 41.8269320227594
13.5664541998537 41.8268180344205
13.5665771239499 41.8267298063716
13.5666863044036 41.8266032578108
13.5667452037996 41.826475392346
13.5668354449556 41.8263731629331
13.5669448210814 41.8262449808167
13.5670695143599 41.8261300576897
13.5671602564538 41.8260272902044
13.5672901019492 41.825871952864
13.5673837520251 41.8257547817498
13.5674782249747 41.8256240247267
13.5675395935701 41.8254655654784
13.5675505569262 41.8253172042706
13.5675948880785 41.8251695558516
13.5676575008476 41.8250210974952
13.567754351983 41.8248605351476
13.5677711200784 41.8248615355392
13.5678561002051 41.8245618995874
13.5680175683589 41.8243562685669
13.5680154190107 41.8242282834764
13.5680149501667 41.8241109073437
13.5680513296752 41.823992872092
13.5681061174382 41.8238084215576
13.5681998013482 41.8236483539784
13.5682367580412 41.8235021657999
13.5683307811023 41.8233547722551
13.5685178887444 41.8231940577799
13.5686664413224 41.8230741620164
13.5688150229172 41.8229542838102
13.5690003142899 41.8228214128599
13.5691482630156 41.8227152713583
13.5692412753836 41.822608382922
13.5693345771039 41.8224875109333
13.5694283141084 41.8223660764096
13.5695042003858 41.8222437365559
13.5695822501001 41.8220512218054
13.5696785980698 41.8218858054724
13.5697567684447 41.8217326937003
13.5698714442719 41.8216081123045
13.5699686063823 41.8214682595244
13.5700258765003 41.8214132307971
13.5707273648808 41.8202495295955
13.5708408851576 41.8200871760714
13.5711354499437 41.8197725238248
13.5714287815256 41.8195623095366
13.5716871946151 41.8193239246398
13.5719809866549 41.8190611584007
13.5723063695176 41.8188566500909
13.5726726841556 41.8185936452639
13.5729252996056 41.8184662116693
13.5733565374965 41.8182641309941
13.5736063810675 41.8181651080246
13.5740414742926 41.8179317854197
13.5743597744196 41.8178884109544
13.5747858363851 41.8178194540041
13.5751048072599 41.8178003824485
13.5755356774229 41.8177264237207
13.5756418088783 41.8177287917827
13.576284587387 41.8176596058209
13.5767383942158 41.8175950034423
13.576980810201 41.817551158768
13.5943733119046 41.8037561094454
13.5950054986544 41.8037070241161
13.5954261333533 41.8036508475302
13.5958256899452 41.8034530838949
13.5961490877896 41.8032751724291
13.5965073935462 41.8030615124277
13.5967818830652 41.8028658200122
13.5970122333608 41.8026313960424
13.5971762900594 41.8023373342218
13.5973504339172 41.8021522068096
13.5975973226165 41.8019943387057
13.5978751106344 41.8017216967931
13.598277561388 41.8014929816742
13.5988540130714 41.801069848628
13.5992962693093 41.8006437151472
13.599551714504 41.8002076666395
13.5999156559576 41.7998638138031
13.600149400752 41.7997227587198
13.6005257427697 41.7993968769402
13.6011586377293 41.7986766607356
13.6017874997589 41.7981223776152
13.6024490556361 41.7975874592125
13.6029289238461 41.7969190678664
13.603077136808 41.7966080973445
13.6034911123935 41.7959210626797
13.6035305886153 41.795865061171
13.6039248244426 41.795146136712
13.604494687877 41.7946397554415
13.6050724050788 41.7941912261744
13.6053346310072 41.7939273586216
13.6057107880167 41.7935671508809
13.6057640281256 41.7935216770997
13.6058013936119 41.7934717308284
13.6058387902331 41.7934217428812
13.6059001115146 41.7933810559317
13.6059705218104 41.7933377991649
13.6060329404494 41.7933003908088
13.6060871574378 41.7932471842758
13.6061333425456 41.7932057919106
13.6061639911796 41.7931599984704
13.6062400967844 41.7931010025287
13.6063071936802 41.793044650115
13.6063807575417 41.7929846299275
13.6064544585476 41.7929406039083
13.6065133869706 41.7929075445417
13.606579628428 41.7928582421573
13.6066384832054 41.7928301286354
13.606704565361 41.7927861020341
13.606756021667 41.7927481672429
13.6068221473471 41.7927100260486
13.6068955005081 41.792677154825
13.6069616377244 41.7926390097079
13.6070205368752 41.7926009099808
13.607020773791 41.7925901460716
13.6074634543385 41.7923757517219
13.6077908631696 41.7921971781612
13.6080327277651 41.7920626641379
13.608537209549 41.7919036797864
13.6088532568293 41.7917906825987
13.6091981153074 41.7916559909954
13.6095806096331 41.7915436219304
13.6098275545175 41.7914548264762
13.6101644402187 41.7913222206597
13.6104371063 41.7911680541824
13.6108272319144 41.7909703763624
13.6110872634186 41.7907277446801
13.6113530278037 41.7905073779566
13.6115615461735 41.7903534925007
13.61180075463 41.7902001260305
13.6120120967424 41.790091736731
13.6123438963513 41.7899192933604
13.6126749812416 41.7897044645899
13.6130099327225 41.7895827712856
13.6133093748555 41.7895031883111
13.6136369941814 41.7894048323154
13.613959676995 41.7892835006675
13.614193216971 41.7891617535192
13.6144844891742 41.7890912023503
13.6147141508604 41.7889727467988
13.6150268569096 41.7889245822383
13.6161445866645 41.7880004255098
13.6184251113149 41.7862326546593
13.6194423569492 41.7845490870306
13.620155576848 41.7835307384517
13.6203969206059 41.781475551428
13.6211056070204 41.7794011033064
13.6214152727387 41.7785196060665
13.6214744635924 41.7778838605176
13.6219579040239 41.7764228684914
13.6225755177799 41.7748330147657
13.6242429470174 41.7724287732013
