13.4002544185424 42.1316953072494
13.4006543843935 42.1317563631563
13.4016000282561 42.1317564270015
13.4025517137324 42.131661932174
13.4036692992917 42.131412531788
13.4039196157699 42.1312876382121
13.4047762590118 42.1308835813674
13.4056374735705 42.1310893101399
13.4061592572323 42.1309066181472
13.4070210140911 42.1302522597619
13.4075442631093 42.1298992756199
13.4080949579668 42.12981706135
13.4087424692441 42.129587511799
13.4091141791914 42.1293415098135
13.4093639712959 42.1292004386718
13.4097323211816 42.129012136036
13.4103948582503 42.1289008836481
13.4111760180656 42.1286730790676
13.4116520543677 42.1284921099874
13.4123316142424 42.1283064914947
13.4128633249104 42.1280097906075
13.4132305521691 42.1278522165217
13.4138448916856 42.1276604496144
13.4141577815139 42.1274162691928
13.4145369783948 42.1274330626118
13.4149602508479 42.1274827284722
13.4151907311245 42.1272846461329
13.415841622053 42.127168540186
13.4164482558894 42.1271353249756
13.4235722696602 42.1239228327531
13.423896205749 42.1239238423181
13.4243468353659 42.1238801340287
13.4250296644615 42.1238614396726
13.4255637513904 42.1239161096502
13.4261187523876 42.1239209990752
13.4270041441015 42.12394881199
13.4275030322785 42.1237828464332
13.4278967503577 42.1236037173119
13.4285254525966 42.1234966090193
13.4289303696295 42.1234892926562
13.4292733814113 42.1235917403751
13.4297942720149 42.1236874396364
13.4302507816915 42.1237468323286
13.4308774863748 42.123801464543
13.4311528206081 42.1237157018243
13.4314416461668 42.1235625332866
13.4316539026443 42.1236076086492
13.4321777314605 42.1235899437931
13.4325601745518 42.1234315118413
13.4328045254198 42.1234414311082
13.4331695427716 42.1234865084297
13.4334998288193 42.1234856017942
13.4337022216751 42.1235854754124
13.4341261185538 42.1236341900592
13.4346274119938 42.123340075051
13.4350246381071 42.1231872041795
13.4355161179069 42.1231239967909
13.4361173265172 42.1230652764244
13.4365025376113 42.1230307132346
13.4369358329558 42.123064376859
13.437458661421 42.1230264156032
13.4376937897972 42.1228789379172
13.4380722800574 42.1226799084218
13.4385388131518 42.1226025216622
13.4389643950239 42.1225710821124
13.4394576363328 42.1225386089415
13.4402126652711 42.1222930927555
13.4411788328978 42.1217531517283
13.4421694071621 42.1214775776791
13.4428856232642 42.1213339061351
13.443356494558 42.1212440289331
13.4435787704611 42.1210816453901
13.4437805672254 42.121018743381
13.4442929279681 42.1209432888418
13.4446017420395 42.1209277404799
13.4449111142905 42.1207594292835
13.4450523787859 42.1205939199851
13.4452534441667 42.1204509300885
13.4454121131132 42.1203946788829
13.4455434825723 42.1203811893443
13.4460428631519 42.1203473656649
13.4464279251234 42.1202231879003
13.4467538008073 42.1201502901364
13.44709565256 42.1200652078823
13.4473510257981 42.1200301800939
13.447620931243 42.1199430823564
13.4478937429225 42.1198662347792
13.4480327472598 42.1197649911937
13.4482624154457 42.1196821039791
13.4484990072349 42.1195829514581
13.4486867106951 42.1194564259477
13.4488749497737 42.1191272886549
13.4489891200388 42.1189782128608
13.4492923659033 42.1189220033239
13.4495942812342 42.118835661108
13.4497449276296 42.1187827720878
13.4499181384829 42.1186267332015
13.4501840611111 42.1185214551663
13.450651284869 42.1184271456174
13.4510808063901 42.1182858632954
13.4513607755954 42.118239144376
13.451581710163 42.1182065259315
13.4518450947749 42.1181053258212
13.4520268975997 42.1180581651358
13.4523386426135 42.1180109245801
13.4525001431633 42.1179555801136
13.4526662082358 42.1179197141131
13.4529650032957 42.1179847809341
13.4533597810826 42.1180601298185
13.4538262545995 42.1181157677207
13.4541262047261 42.1181517715946
13.454362398618 42.1181918759559
13.4547971257416 42.1181623075651
13.4551102076568 42.1180668479863
13.4554095748232 42.1180484011807
13.4556296787586 42.1180928406229
13.4563190236615 42.1181563227476
13.4567565562248 42.1181613423557
13.4569273968005 42.1181861785564
13.4571470321701 42.1181093836502
13.457343954151 42.1179907331106
13.4575662391103 42.117918594207
13.45780492766 42.1178743568905
13.458417007704 42.1177913958849
13.4590214432965 42.1177090231887
13.4594726634453 42.1176794599366
13.4599367339849 42.1177627303854
13.46023668467 42.1179383930035
13.4607522404761 42.1179283883661
13.4610392241124 42.1181861266703
13.461338422608 42.1183294305691
13.4619882023155 42.1183513005401
13.4624517079467 42.1182535017705
13.4629632478233 42.1179459943769
13.4714868969838 42.1141097769554
13.4724850292051 42.1137011274558
13.4738121408179 42.1131306825094
13.4749058547741 42.1130441875817
13.4763650671766 42.1130472482221
13.4770569844852 42.1129189130317
13.478103499221 42.1129962002449
13.4797800621553 42.1131818400562
13.4806087212683 42.1132391590826
13.4824159693596 42.1134839073743
13.4842304739784 42.1133578566424
13.4844220215395 42.1133369412421
13.4852860704186 42.1132130276148
13.4859262193007 42.1132892546551
13.4865616921538 42.1133249120482
13.4867381229967 42.1133234639587
13.4915240113959 42.1146247977795
13.4925381650081 42.1142416153181
13.4932084202893 42.113868538095
13.4937095926579 42.1134053812531
13.4941906092803 42.1128336228869
13.4948248486341 42.1122445645141
13.4952432218739 42.1117510934805
13.4960094321987 42.1108717566824
13.4969323323998 42.1099396562951
13.4972165701378 42.1097292083602
13.4975667418756 42.1096156793681
13.4979820035955 42.1096008138532
13.498606603234 42.10970078301
13.4992044648158 42.1096297512008
13.4997464354994 42.1092916146299
13.5003473710243 42.1086195355178
13.500580863613 42.1080832478334
13.5007998372277 42.1074056932334
13.5011896843083 42.1067194540127
13.5012581986416 42.1066674590624
13.5016244845885 42.1065416768305
13.5020500356201 42.1064363524613
13.5021210528538 42.1064046559265
13.5026918791464 42.1062029590123
13.502792528159 42.106138705555
13.5034623449885 42.1056083808854
13.5039806780063 42.1052887440269
13.505917108284 42.1029400526464
13.5065580500968 42.1027121543107
13.5070919575177 42.1024768711269
13.5071625919691 42.1024506091083
13.5075646599352 42.1022667494418
13.5081022929971 42.1020846637465
13.5081616873809 42.1020674811444
13.5085513413534 42.1020428554462
13.5090767613541 42.1021042938508
