13.25453252061796 42.61850391208878
13.25804994277458 42.61257215965138
13.25852252727925 42.60521940689128
13.26004318406097 42.59898070198867
13.26043568542012 42.59060033810976
13.26500078066466 42.58567576842961
13.26739288038527 42.58038217738908
13.26869363640139 42.57482229735574
13.26871766997294 42.56975925654408
13.26829786214454 42.56607655355456
13.27189310472003 42.56074471962974
13.27904052147963 42.54897709720204
13.2834250133661 42.5404555247293
13.2930643495429 42.5347750984626
13.2991669401783 42.5272952339727
13.3023483854116 42.5233586075403
13.3036929850547 42.5203370865642
13.3075499617226 42.5187914089647
13.3099709459926 42.5154497070831
13.3112891620074 42.5128652476391
13.3139470066417 42.5100171787201
13.3166639451953 42.5064279868338
13.3240395191901 42.4986647201428
13.3260468157582 42.495883288121
13.3280950528502 42.4943397631236
13.3309642753958 42.4908736287133
13.3358154367444 42.4861052193588
13.3387009782163 42.4835090405616
13.3420053328051 42.479629905076
13.3445470476971 42.4777666674795
13.3469398569542 42.4741890981155
13.3499572252372 42.4697952548414
