13.1152839327444 42.7130033503336
13.1202089430168 42.7017647562378
13.1217948576003 42.6982267969008
13.1227844838009 42.6968638793077
13.1238674368128 42.6936443145771
13.1315402999196 42.6815117795527
13.131698170717 42.6810670155624
13.1324657756292 42.6795054368368
13.1334322162577 42.6785387797075
13.1346090837378 42.67659929666
13.1352216910648 42.6759654823876
13.1353233686962 42.6757185270644
13.1353546736325 42.6756098541703
13.1354423086694 42.6754563163508
13.1369801183969 42.6747961450315
13.1372364990973 42.6746203141
13.1374109818268 42.6744720393067
13.1384286335849 42.6730915857694
13.1384912750847 42.6729852676848
13.1384879861656 42.6723400515798
13.1383731589494 42.6721262092076
13.1364448560724 42.6682789325347
13.1379343234215 42.665474741857
13.1394141120537 42.6640690462105
13.1439590954781 42.6611425703673
13.1441467086272 42.6609548165665
13.1454077994715 42.6593218026658
13.1463770181055 42.6576831649499
13.1470812858775 42.6568689971471
13.1490693031252 42.6556911656079
13.1499836340135 42.6542699689693
13.1500374884593 42.6536164200049
13.1500603297352 42.6532862411576
13.1505902084917 42.6528678116734
13.1509129327346 42.6521722723172
13.1511885116555 42.6513198531135
13.1514665817236 42.6509380703762
13.1519167914657 42.6506469906513
13.1548644125634 42.6472153827333
13.1559657567801 42.6466073935623
13.1561642739401 42.6455522413571
13.1600038006515 42.6398958408535
13.1605914393851 42.6291917240819
13.1607049960039 42.6256933829478
13.1611336779764 42.6231258050025
13.1625254223687 42.6174225750812
13.1667386395571 42.6128434158747
13.1691955575749 42.6094165727026
13.1723363574836 42.6024265394289
