13.7569289203081 42.3641164826111
13.7581289114165 42.362948351718
13.7591781177105 42.3615288527912
13.7612595498422 42.3602070259405
13.7637314676113 42.3601654948054
13.8008242566596 42.3309741308446
13.8030488406495 42.3292995285496
13.8048305667035 42.3281247914858
13.8061887208775 42.3275018612452
13.8073377199162 42.3266493327497
13.8081980245996 42.325907176924
13.8091618772495 42.3250229740401
13.8100284795727 42.3242408415867
13.8106831252601 42.3239979669773
13.8113898592295 42.3235422607867
13.8122714304588 42.3230936434821
13.813026727895 42.3223935373731
13.8137263014292 42.3218032810188
13.8143208253218 42.3208768337017
