13.7260839629299 41.892522005753
13.7316738921506 41.8869449944268
13.7337949005589 41.8849183219367
13.7363051048932 41.881881546563
13.7392319894405 41.8797245698216
13.7419577074689 41.8764997456564
13.7428977064866 41.8753881571361
13.7434668007785 41.8747445439778
13.7445930131808 41.8739162371017
13.7458601699895 41.8735317058979
13.7468496884555 41.8728107894715
13.7481362842007 41.8720661790108
13.7491382022345 41.8713146132927
13.7504254088317 41.8710216496333
13.7613336888088 41.8663984545473
13.7623637411752 41.865971333501
13.763256514576 41.865619373581
13.7633719519999 41.865560460798
13.7643025608531 41.8652619195015
13.7645507866043 41.8651826802159
13.765245425467 41.8650325848176
13.7656186090578 41.8649523179235
13.7659917941312 41.864851269937
13.7663155975301 41.8647188502324
13.7665603693332 41.8645961691268
13.7672174971394 41.8641971639559
13.7679037188575 41.8637364508087
13.7684972000851 41.8633336249923
13.768991231807 41.8630478888589
13.7690598445713 41.8630172876265
13.7696522912909 41.8627190686991
13.7697750267509 41.8626687290933
13.769898489127 41.8626074905334
13.7704162582621 41.8624370214471
13.7705868984177 41.8623912612634
13.7706915446731 41.8623639805494
13.7718492664869 41.8614124394869
13.7832677783015 41.8609939531729
13.7870131164047 41.8541383146212
13.7876874179067 41.8524519423705
13.7903764022725 41.8472007688728
13.7920088959859 41.8446051008084
13.79189867008 41.8433098054013
13.7936120245314 41.8408107176233
13.7951495707379 41.8376196575248
13.7952946711643 41.8372940665038
13.7974262364236 41.8346985506857
13.7977626548328 41.8344881216496
13.7990487714938 41.8336224157937
13.8005897015503 41.8331799182213
13.8017972541364 41.8326128147456
13.8033616221478 41.8319195524195
13.8042882720979 41.8310129541971
13.805114470352 41.8296803210795
13.807397100293 41.8287978269426
13.8107732272247 41.8278380051275
13.8115140049062 41.8275508733934
13.8127442182361 41.8271976311231
13.8132165701423 41.827095139936
13.8140279247795 41.8268921998955
13.8146579380845 41.8266213786733
13.8194881752886 41.8192377142327
13.8197863754422 41.8187510889835
13.8202051455658 41.8181699708862
13.8207712427329 41.8177555380567
13.8211120594321 41.817334994825
13.8213961074213 41.8169351016769
13.821767728208 41.8164488296347
13.8221718602647 41.8160014612214
13.8228721031308 41.8151413942354
13.8233448296566 41.8147040367248
13.8248244117044 41.8134044503452
13.8264201047708 41.8122593727713
13.827412030002 41.8114083214873
13.8280420662217 41.8109147336975
13.8281255625464 41.8108957133701
13.8285788603437 41.8104034721639
13.829407874942 41.8094371548469
13.8305726257224 41.8087218084174
13.8308648660636 41.8084822185605
13.8315752087142 41.8078433942748
13.8329416481946 41.8064345335965
13.8337622936345 41.8052822047837
13.8337797661289 41.8052219232938
13.834896883546 41.8038213710029
13.8355491964522 41.8022433186494
13.8365184494193 41.8012267938995
13.8424147432112 41.7964023778877
13.8431749061668 41.7954251326799
13.843466113053 41.7952824338851
13.8436326248638 41.7952151754107
13.8444343101922 41.7948596426558
13.8456621301451 41.7941900053673
13.8468828905668 41.7938372024027
13.848271798686 41.7935796659856
13.8500898063356 41.7927319339581
13.8505861379266 41.7923427454217
13.8516533262781 41.791427127431
13.8521684470185 41.7911029474381
13.8531611073393 41.7905540819372
13.8538911537634 41.7902218386288
13.8550744381844 41.7897824207006
13.8562874081602 41.7886595020346
13.8564896472709 41.7884904480708
13.857473534209 41.7876690251593
13.8583549197668 41.7868250979123
13.8589078892023 41.7864607628349
13.8600019143071 41.7859699961475
13.8602674733202 41.7859048510166
13.8609939991293 41.7854955613208
13.8614195205978 41.7852396837809
13.8630225935666 41.7847497330074
13.8635541503802 41.7846439146578
13.8641872537629 41.784733073478
13.8646720936441 41.7846556018572
13.8649302859637 41.7845739874986
13.8654468158112 41.7845134223982
13.8668728370221 41.7843671084649
13.8672883362206 41.7842463538635
13.8689956664991 41.7836664386736
13.8713423357029 41.7831117558946
13.8728834514672 41.7829905507662
13.8738594081007 41.7829422022853
13.8750026599379 41.7827939331906
13.8761433702863 41.7827918932313
13.8776902975584 41.7826811563955
13.8788628122618 41.7826073642075
13.8797668408386 41.7825078583682
13.8816288057416 41.7823638934588
13.9025988075259 41.7839382510086
13.9045084847427 41.7834360923607
13.904933199466 41.783399902771
13.9068592764142 41.782550372814
13.9115423012826 41.7780599086776
13.9159323317764 41.7752121010321
13.9259129551887 41.7702688985331
13.9311249648968 41.7682326744934
13.9333133021153 41.7674706742169
13.9353908485161 41.7667127796212
13.9370407685215 41.7662756591356
