14.0362200405348 41.9486069358741
14.0380285373212 41.9466298845128
14.041266527972 41.9432823498543
14.0437551718361 41.9398025040693
14.0458934299939 41.9362773917963
14.0491651329335 41.9324337712205
14.0513078418456 41.930612906821
14.0519518447115 41.9298643293803
14.0532966448173 41.9288505623901
14.0548995322662 41.927930228172
14.0557268339245 41.9270095306019
14.0584989496123 41.9252696017622
14.0590775586368 41.9243552332114
14.0599812019985 41.9229079246636
14.0604230901827 41.9220208190313
14.0615428296611 41.9208256734789
14.0619913339 41.9202904291842
14.0629444530311 41.9194913314205
14.0630132007886 41.919303985232
14.063370093511 41.918809175263
14.0634563297935 41.9182697463644
14.0640241227514 41.9176285219446
14.064306493299 41.9173131668798
14.0650469760918 41.9166932979558
14.0651219894461 41.9166380680066
14.0660554423185 41.9159487955507
14.0665952023181 41.9152335311491
14.067194145501 41.9144961019829
14.0676708462295 41.9141561573219
14.067928343652 41.9139647202576
14.0684245082523 41.9136105722079
14.0689029230437 41.9134303962303
14.0697153540337 41.9127223758759
14.0704933891634 41.9118638021625
14.0713200331024 41.9113954696809
14.0720217884635 41.9109601652836
14.0721001406843 41.9109164593516
14.0729086055993 41.9105901279627
14.0732711857863 41.9105521157843
14.0735640353777 41.9103776612552
14.0737480810868 41.9103217160033
14.0743708948153 41.9099597035151
14.0751474819835 41.9093553926882
14.0758771725562 41.908982434653
14.0765331331182 41.9083735009387
14.0770763365877 41.9076983113302
14.0776620500821 41.9074147077185
14.0782627008955 41.9071171180705
14.0786761025825 41.9066877551062
14.0788733385652 41.906515057042
14.0794354767284 41.9061935547842
14.0796844119258 41.9058047225795
14.0799094220399 41.9054841734569
14.0800795599494 41.904967762158
14.0802712336919 41.9043651886013
14.0807161402054 41.9040340297145
14.0815924498332 41.9039759056152
14.0821478567975 41.903621843108
14.0827038139181 41.9028391775202
14.0830604348409 41.90204108995
14.0834893957201 41.9014399128453
14.0841300191682 41.9011320686682
14.0846498946588 41.900930703175
14.0850371125045 41.9004837345957
14.0859161419338 41.9000609983433
14.0866233240558 41.89993416872
14.0871110172542 41.8998717343422
14.0875651831032 41.8997900696178
14.0879369763386 41.8995762491932
14.0884413669421 41.8990288932275
14.0890379750761 41.8982495216847
14.0895729859779 41.8974810213028
14.090386581901 41.8956091618902
