13.0309937328245 42.8978220801823
13.0351056369707 42.8946684063944
13.0374640970209 42.8920237902709
13.0395882230168 42.8901513934954
13.0432494567291 42.8861967048314
13.0468872029025 42.8833347015278
13.0524312731196 42.8800327185942
13.0571222569115 42.8773383570919
13.0584880074871 42.8759831701162
13.0604461780728 42.8730615574845
13.0615371082994 42.8714536287031
13.0662680531413 42.8682810071049
13.0727462848037 42.8648033328883
13.08201231931368 42.86251305132839
13.08656951042612 42.86043496779536
13.089673673876 42.85767470960622
13.093872784407 42.8565900393568
13.09550402216772 42.85589442892979
13.09862569067631 42.85501906663895
13.10656127060982 42.84594943787101
13.10965933122215 42.84192078376216
13.11133433495628 42.83748084267911
13.1126436330094 42.83528762619289
13.11370968090056 42.83280515579197
13.1145066269414 42.8306984576817
13.11711557128141 42.82710321407303
13.11873980447857 42.82544843796941
13.11966650007842 42.82336086225583
13.11979208369187 42.82137256659157
13.11299049422333 42.80962140154463
13.11633488015862 42.80379166603164
13.1199351898415 42.79852296177764
13.12602879221545 42.79527111359543
13.1308799686731 42.78876018074956
13.1323475796535 42.7863143422653
13.1371475496679 42.78229313508082
13.13972347435457 42.77887125889642
13.14365733337137 42.7756536130499
13.14467595861993 42.77220955301978
13.14597416964484 42.76150481644041
13.14781853983107 42.75828529901575
13.14937949634894 42.7517471713691
13.15262529833948 42.74605069601154
13.15473875926882 42.73955802334366
13.15807694916281 42.73528014317613
13.15867316194176 42.73225187062745
13.1589900237543 42.7298530783628
13.16041443248463 42.72408399031583
13.16234655062168 42.7189607945665
