13.43972931437902 42.3940238519649
13.44010698179372 42.39394767250668
13.44082130813336 42.39364955610754
13.44140029045261 42.3933790676198
13.44271859611776 42.39319938670206
13.44307406134931 42.39309340374893
13.44326281983641 42.39298002749403
13.44335887423477 42.39293268765933
13.44384854792678 42.39275058247065
13.44394110045059 42.39265108906518
13.44447463006793 42.39234903367091
13.44513548450173 42.39213218199248
13.44634002506852 42.39190936848563
13.44713345524204 42.39182939489306
13.44759513496184 42.39169346887368
13.44764357142651 42.39168896300359
13.44804572966187 42.39129709677547
13.44839612722351 42.39087384651064
13.44864760847062 42.39033889895265
13.44879369523978 42.38997655602127
13.44892420017442 42.38952733031502
13.44918587446614 42.38899796446558
13.4494680232386 42.38832817784041
13.44982817370711 42.3876652736954
13.45021725398936 42.38715055480532
13.45061257023758 42.38676395032145
13.45079884937887 42.38645457469643
13.45121241306021 42.38563303454392
13.45146921496014 42.38531054306524
13.45117298526786 42.38326062800034
13.45207232313872 42.3823200925879
13.45355727142811 42.3802339652876
13.45565536586991 42.37846502076902
13.45603943624106 42.37812350221058
13.45690629695013 42.37768023046127
13.45710139535746 42.37758593030571
13.45915670885512 42.37580461144064
13.45963722645685 42.37525110713796
13.4598711185494 42.37478251777731
13.46056015420177 42.37415613402612
13.46136001067177 42.37236185997057
13.46244513664924 42.37004731952058
13.46247432724966 42.36991142353938
13.46544294267332 42.36702905002515
13.46621590718328 42.36607781533255
13.46661679797041 42.36570607552862
13.4672517501042 42.36533583256688
13.46784256858174 42.36513609063164
13.46852029212047 42.36493386565309
13.46881171326081 42.36467131310302
13.46997190329851 42.36397524224227
13.4701769393124 42.36382980274158
13.47070304348536 42.36374427802957
13.47109860340271 42.36358950971414
13.47147628730626 42.36330622258327
13.47184342039089 42.36283002617272
13.47242294404334 42.36258866337573
13.47263912150631 42.36232309634365
13.47314321536594 42.36180770383514
13.47335852593334 42.36169044526154
13.47370115036568 42.36155972488643
13.4744102067417 42.36120516331733
13.47562640806137 42.36038922793771
13.4760629607341 42.36013009272381
13.47682639880702 42.35965239394947
13.4774141427936 42.35906288397406
13.47872699649139 42.35810178705854
13.4809685725633 42.35703784705336
13.48192283201163 42.35639752603756
13.48210269284102 42.35631558278043
13.48244279918561 42.35615306937099
13.48277641218804 42.35581424131184
13.48294739382634 42.35564318464601
13.48338529569573 42.35533165110774
13.48471103960374 42.35454248633882
13.48486988982004 42.3544514615743
13.4848938234566 42.35442837059414
13.4799818042141 42.348874531701
13.4813539462178 42.347195151994
13.4816023593224 42.347053054686
13.4836263430112 42.3454078839083
13.4841480710772 42.3451058345298
13.4855407864989 42.342198308129
13.4852329756282 42.33766293042808
13.48608907933365 42.33094510964732
13.48729950254791 42.33050878774141
13.49370203811702 42.32875340524765
13.49468926971414 42.32795767043392
13.50085561128651 42.32356666826052
13.51592159329521 42.31209700838565
13.5173406331123 42.31107686186756
13.51816773910204 42.30944490284038
13.52082741851675 42.30824730681298
13.52672118636127 42.30699358600077
13.53283192422569 42.3053238575951
13.53417269659076 42.30475885506197
13.53759553152669 42.30360415116488
13.54043270575098 42.29932145090761
13.54575564995939 42.29687989735019
13.55046064952509 42.29373170065077
13.55283256688842 42.29178578184349
13.5555688198106 42.2900370329056
13.55672894340062 42.28949896778176
13.55776381605237 42.28898937600046
13.55978031491152 42.28791553923476
13.56114178156358 42.28688151469476
13.56164062590428 42.28569792290038
13.56264910104185 42.28310143776536
