13.6620396439469 41.7338570915601
13.6726153958083 41.7236779046407
13.680203454964 41.7159038174047
13.6856545124925 41.7091651712896
13.6882800385975 41.7032624056934
13.6894194299631 41.7012734306233
13.6899544715002 41.7002788520754
13.690140006613 41.7001046086491
13.6902951369919 41.6999694087007
13.6917650340634 41.6987727223305
13.6918327682381 41.6987224722652
13.6932480299334 41.6972420389333
13.6933861615115 41.6971219253787
13.6934643602441 41.6970201759416
13.6940325340637 41.6959199756771
13.694097147612 41.6956774173685
13.694334890478 41.6946669149385
13.6943911522011 41.6944494138732
13.6948499593313 41.6931736299916
13.6950151455532 41.6929709049488
13.69549022257 41.6919101581028
13.6955377375386 41.691846411801
13.6957154349021 41.6915481751841
13.6962425554315 41.6910277388768
13.6963112882045 41.6909785622149
13.6968584530981 41.6905452525902
13.6968952050011 41.6905402384819
13.706328210498 41.6778417435412
13.7090584223537 41.6755736319186
