13.73618556811278 42.1241631710508
13.7432952261428 42.11728475422947
13.74853295219028 42.11096443432524
13.74775061232113 42.10865106042078
13.74853329062352 42.1078837611836
13.75109177300769 42.10666062059302
13.7530961317156 42.1054362280847
13.7539099738788 42.1046937118215
13.7544858670385 42.103971157985
13.7556944300027 42.1030025983534
13.7570090362565 42.1022426099917
13.7581844249812 42.1010312937014
13.7590180073542 42.1000588802689
13.7609096496319 42.0991284469377
13.7623619348191 42.0984762200683
13.7630355819484 42.0981936662532
13.7633325441411 42.0978617072714
13.7636000467388 42.0972512164021
13.7639987325277 42.0967526269389
13.77816362492281 42.07664431018346
13.78001413353883 42.07506140636868
13.78366500632396 42.07400079130661
13.78678934869146 42.07181093418607
13.78826342256762 42.07070195127231
13.79152453120801 42.06923781061356 
13.79247700388738 42.06795234313588
13.792772422115 42.06607017309117
13.7939392258809 42.06417525051264
13.79483426075859 42.06277738971027
13.79529346161224 42.06141094553816
13.79377044019889 42.05871146995844
13.79291989023921 42.05705991348647
13.79610656060036 42.05064913923532
13.79839770540657 42.04719226830512 
13.79936551124966 42.0444874288446
13.79964031529706 42.04114313888243
13.80194528788273 42.03993699590725 
13.80279469658133 42.03897341484609 
13.80282854466481 42.03829340010954 
13.80389626697805 42.03726860744755 
13.80445654621 42.03567453623324
13.80602233451719 42.03256713755044 
13.80704674111534 42.0304589836021
13.80813347951939 42.02987976520754 
13.8089544092001 42.02906729852232
13.80915720646662 42.02558203306203 
13.80954011956677 42.02440214260376
13.8126940771688 42.01981871972497
13.8138859063281 42.01657708254648
13.81434750426543 42.01332292039993
13.81577767060989 42.01143340065062
13.81618298995825 42.00990595345797
13.81854512251031 42.00718071172007
13.81934315576369 42.00629110895616
13.82052103451954 42.00523491349906 
13.82147397876759 42.00310332113008 
13.82232431682618 42.00241815422545
13.82308813620458 42.00133100871975
13.82490443066819 41.99827889117007
13.82606371966332 41.99241112437666
13.82691898405904 41.98997495269717
13.82868323471099 41.98558757783481
13.8331981944562 41.9784976950917
13.83562673717405 41.97476230389043
13.84120354862208 41.97095740224021
13.84446468435638 41.96705658623923
13.84747830920457 41.96479512165631
13.85133387259077 41.96001109354962
13.85429566626954 41.95690538400897
13.8555102937393 41.95517089928969
13.85620713856163 41.95332624599964
13.86247371939576 41.9501230423388
13.86406188680618 41.94723949580759
13.86464725025947 41.94549196283788
13.86463718625242 41.94313984202797
13.86486454039211 41.9420130270549
13.8652273967146 41.9402121304615
13.867262860119 41.9380720774582
13.8735726688257 41.9343289725718
13.8769043751368 41.9332326121191
13.8821140490075 41.9307039619498
13.8823561156383 41.9302957415297
13.8829884344942 41.9298413143263
13.8832993224856 41.9296215009171
13.8834958298117 41.9295617300075
13.8836974700345 41.9294554624218
13.8838505405244 41.9293318714203
13.8842303615827 41.9290684016974
13.8843440912994 41.9289664818665
13.8844146601001 41.9287842903835
13.8847486388279 41.928566628781
13.8851153057868 41.9284551620971
13.8851898612181 41.928362657566
13.8853046228212 41.9281810235449
13.88583147542791 41.92717904471189
13.88830160777445 41.9260009288453
13.88998790018947 41.92482666596918
13.89264614264567 41.92392263043314
13.89471164626881 41.92288699251272
13.89666987605124 41.92060652338391
13.89701491527257 41.92000434534327
13.89780919020865 41.91922706547039
13.89842677838184 41.91889331504638
13.8991451390281 41.9186400077132
13.8997564284195 41.9183069797942
13.9012782787038 41.9177506391422
13.90163864993 41.917486468886
13.903450138306 41.9160442501419
13.90529729048406 41.91347940588454
13.9072167566341 41.91110289358649
13.90931127478688 41.90560634830932
13.91148583086868 41.89992123521749
13.91187266211468 41.89841705240542
13.91280418198849 41.89714676901718
13.91884410014973 41.89184846162667
13.92082696220894 41.89138454429845
13.9233464851501 41.8886735353194
13.9235438228873 41.8884526722848
13.9238942676414 41.8884630204724
13.9246659639109 41.8878620727999
13.92629114620451 41.88672559863905
13.9298042841871 41.88552894660812
13.93275697591236 41.88434829253087
13.93486766184139 41.88311441446189
