13.0542437846136 42.4620584965429
13.0545100470609 42.4610872043672
13.0549329685656 42.4600661333474
13.0554908011637 42.4590643935769
13.0560407079046 42.4580958360541
13.0565973310326 42.4571149520334
13.0574496520522 42.4562118206211
13.0578761020069 42.4552112010748
13.0580186854522 42.4541952608564
13.0584526622716 42.4531792642441
13.0591868610822 42.4522395865074
13.059782373001 42.4510770290308
13.0609696393986 42.4502201599345
13.0615677025232 42.4492438529777
13.0623305034377 42.4481653730089
13.0635372530182 42.4472940423335
13.0644610097273 42.4463057666254
13.0652178672179 42.4450923752829
13.0653578203045 42.4439945236228
13.0654363652479 42.4429383232751
13.0655583285236 42.441874024317
13.0656821864185 42.4408176517964
13.0661158712055 42.4397516538858
13.0674038553713 42.4390292734891
13.0683022786885 42.438046900718
13.0693540809379 42.437025598887
13.0702925635059 42.4360945285636
13.0705716052326 42.4358376395377
13.0708158995409 42.4355689059716
13.0710675082632 42.4352923435906
13.0711744050735 42.4351487592985
13.0715006724121 42.4349195587651
13.072217342222 42.4344801535108
13.0724479119085 42.4341687227394
13.0767979143011 42.4273192171191
13.0771193924528 42.4268073084394
13.0773735892273 42.4263314173969
13.0775335204893 42.4259966164727
13.0777386404985 42.4257679985904
13.0780498640014 42.4253945839326
13.0782176433313 42.425246647781
13.0785006790192 42.4250796808969
13.0787464420556 42.424855575333
13.0789457599905 42.4246940312334
13.0790831291324 42.4246034417044
13.0793509111614 42.4243568592494
13.0795743822339 42.4241759037922
13.0797580340036 42.4240472735757
13.0799204714178 42.4239309680438
13.0801335440817 42.4237869936045
13.0802568460327 42.4237159173288
13.0804929818893 42.4235290771328
13.0807435312985 42.4233647375747
13.080918148273 42.4232185443659
13.0810443346408 42.4230377246913
13.081189451486 42.4228786138167
13.0813674564581 42.422797460662
13.0815278698537 42.4227243269096
13.0816770242587 42.4226798841323
13.0826108027465 42.4220576914785
13.0830259271123 42.421815147482
13.0834973460754 42.4214460831074
13.0839687762482 42.421042156855
13.0844566427982 42.4205101024474
13.0846645754002 42.4200776531657
13.0848146314465 42.4197743565026
13.0851015468573 42.4192487429458
13.0854234396756 42.4188091391591
13.0855885443635 42.4184539830452
13.085736953865 42.4180718829831
13.0857705640844 42.4177790251347
13.0861708827138 42.4171847700429
13.0868092104988 42.4164463222972
13.0872114492701 42.4158359754402
13.0873877353536 42.4153954155405
13.0875760466644 42.4153317830941
13.087582743085 42.4150300032761
13.0875846678947 42.4149295392126
13.0876036635844 42.4148246526841
13.0876725717875 42.4147164959333
13.0877623291969 42.4146106490819
13.0878381785235 42.4145153595177
13.0879576383467 42.4143782052815
13.088098585079 42.4142523113896
13.0882238905381 42.4141368137373
13.088297017392 42.4140533042519
13.0884344677608 42.4138957082356
13.0885114072634 42.4137735492241
13.0886574979684 42.4136179691734
13.0887776894219 42.4134533120753
13.0889476344477 42.4132801173452
13.0890421791086 42.4131258393596
13.0890873960513 42.4130097040835
13.0894605145278 42.4127248802037
13.0895115606521 42.4126665357489
13.0924524320366 42.4111973018055
13.0926800217293 42.4110715276286
13.0928494822085 42.4109852747906
13.0931161854926 42.4108584363719
13.0934268730235 42.4107303854214
13.0935928857952 42.4106553464559
13.0938587613434 42.4105352765397
13.0940615075703 42.4104165676789
13.0943104339454 42.4103154167664
13.0944900701689 42.4102008629955
13.0946631170717 42.4100555677634
13.0947466185745 42.4099197873958
13.0949138325352 42.4097580986347
13.095111452916 42.4095849537337
13.095237722038 42.409414440486
13.0955086221483 42.4091792546451
13.0957601811208 42.4089617842681
13.0960277523736 42.4087341319114
13.0963041025877 42.4084978270318
13.0967250260921 42.4082629666409
13.0972721126938 42.4079585509852
13.0977064403477 42.4077081016981
13.098116959741 42.4074629548491
13.0981388555034 42.407434922241
13.1038590763193 42.4041867585919
13.1053993522802 42.4033546648311
13.106769788141 42.4028049473119
13.1082484257388 42.4024791553337
13.1097028830297 42.4020445861787
13.1109866757776 42.4015075236098
13.1126863747731 42.4009769940988
13.1140833709141 42.4005208150067
13.1154818065937 42.40038098997
13.1170208556962 42.4002837169545
13.1184330144871 42.4002578971467
13.1196308980246 42.3997171078296
13.1209685610115 42.399134760232
13.1223308625289 42.3993259835875
13.1240211472209 42.3991271711323
13.1254177215119 42.398996216098
13.1265160713705 42.3987644323048
13.1398667461768 42.3924394729613
13.1399345904061 42.3923292065853
13.1401390554221 42.3920445899075
13.1402986653357 42.3918366680368
13.1404743659475 42.3916088756935
13.1405917518147 42.3914540962834
13.1407126970393 42.3912956873242
13.1408301763358 42.3911397693135
13.1409295313555 42.3910411964484
13.1410336102768 42.390935071601
13.1411497573338 42.3908474747325
13.1412733014936 42.3907636246213
13.141403964307 42.3906518882988
13.1415407236957 42.3905283008116
13.1416725495476 42.3904401746273
13.1418018645135 42.3903670889872
13.1419513209651 42.3902906660274
13.1420917052242 42.3902372410665
13.1421923802683 42.3902084360493
13.1424340736883 42.3901032350038
13.1463978801363 42.3866618659362
13.1479207080853 42.3851567237465
13.15000347461 42.3832197850679
13.1509115237593 42.3827268546271
13.151921791884 42.3818845271612
13.1534553863111 42.3809279710093
13.1542225288444 42.3804482573477
13.1556241464941 42.3794011435902
13.1568844121814 42.3785596290711
13.1583954126371 42.3777199903131
13.1596582725651 42.3769668712628
13.1607937878921 42.3762142339248
13.1617975649557 42.3753807526519
13.1629315589345 42.3746294870667
13.1639388540219 42.373967993162
13.1649430597069 42.3732128307824
13.165695071831 42.3726539113346
13.1666976827616 42.3720943894119
13.1681972295852 42.3713449178541
13.1695664897434 42.3706895870626
13.1706967815795 42.3700427253701
13.1717061756911 42.3694880515925
13.1733477937901 42.3686529933172
13.1743438242724 42.3680015195641
13.1753331488443 42.3672585185229
13.1763200915346 42.3665172801611
13.1773244844854 42.3655896245038
13.1781973712508 42.3648481533618
13.1794447424632 42.3638287245354
13.1803357827632 42.3629894798511
13.1817023233489 42.3620641671284
13.1821956203667 42.3613247827385
13.1828918272541 42.3606038072167
13.1838103382328 42.3598037522749
13.1838075297747 42.3597128988538
13.1900494578965 42.352894403227
13.1901068003617 42.3527518414939
13.1906816783746 42.3519477649525
13.1910633606877 42.3512832610442
13.1916349780017 42.3503115463388
13.1925857033277 42.3489777613983
13.1930115570702 42.3483925435199
13.1942925127029 42.3467629620791
13.1948500221295 42.346287700685
13.1953722078333 42.3457484341899
13.1966160203578 42.3448465101527
13.1971917503996 42.3444534813767
13.1983706576259 42.3436467902112
13.1985855444412 42.3435737312769
13.1990984567831 42.3432646905423
13.1999123452687 42.3428610831801
13.2002436919068 42.3426665796816
13.2009458569276 42.3422602105312
13.2013521958526 42.3420553904983
13.2017649161867 42.3417964708734
13.2029466190346 42.3414103218135
13.2032674035383 42.3413303060183
13.2037725401424 42.3411706611265
13.2041840293509 42.3410157201398
13.2048089764495 42.3408398320706
13.2052911134994 42.3407244326115
13.2057665389402 42.3406134697998
13.206279112551 42.340441367408
13.2066996337748 42.3403166993682
13.2074425178479 42.3400685856017
13.2080436706945 42.3397794399078
13.2084776949087 42.3396581554161
13.2088642381769 42.339514160446
13.2093538620428 42.3392827753678
13.2098345431564 42.3390856549501
13.2102334934266 42.3389198323411
13.211070881057 42.3385013904912
13.2111784207301 42.3384814394552
13.2116979167045 42.338285673667
13.21200718695 42.338182094958
13.212332812492 42.337993332538
13.2126154986311 42.3377922858363
13.2128196188989 42.3375783575229
13.2130143896145 42.3373421314603
13.2132511291196 42.3371578434085
13.2135097939037 42.3369316883191
13.2136767199673 42.3367692992002
13.2139230247494 42.3365296872646
13.2141541764293 42.3363861942096
13.2144135252698 42.3362392855711
13.214662343087 42.3360708121481
13.2149573654748 42.3358542431235
13.2150931225683 42.3356608509944
13.215390313322 42.3354679090099
13.2155356301635 42.3353129139916
13.2157110168987 42.3351586975199
13.2159680845926 42.3350126957277
13.2167478751726 42.3342499358495
13.2169327814905 42.3341129330586
13.2174054707819 42.3336691296916
13.2180226274618 42.3333144466184
13.2185948468138 42.3330714020571
13.2192168103578 42.3327497630947
13.2197630931191 42.3324340090039
13.2203745138607 42.3321520483365
13.221033254486 42.3318470525801
13.2215338653872 42.3315464372862
13.2220060729134 42.3310780876983
13.2222337609075 42.3305199658576
13.2225621250225 42.3300915662798
13.2228985271771 42.3296515739685
13.2234035899314 42.3292908507367
13.2237587075453 42.3288925847608
13.2238795915139 42.3284485388485
13.2241408887822 42.3279148441785
13.2244775723335 42.3276838540668
13.2250029453326 42.3274656425359
13.2256805717319 42.3253316266161
13.2347343662628 42.3172657508241
13.2394591811656 42.3130772838901
13.2411319906338 42.3116628421111
13.2431225554312 42.3099054214818
13.2445050963793 42.3086158559199
13.2463373017098 42.3069585650297
13.2480262848828 42.3054114229545
