13.8175271171781 42.1909321927105
13.818294672013 42.1900028117467
13.8190429884375 42.1890792692471
13.820309060557 42.1882336982635
13.8214423554924 42.1872621936742
13.8222671231395 42.1861791063703
13.8229264875371 42.1851045792281
13.8230677430582 42.1839438810246
13.8239402735912 42.1829601429456
13.8246850121225 42.1815138083351
13.8254649444446 42.1804149849187
13.8263042166873 42.1791706736493
13.8277266393794 42.1768200265988
13.8292648650088 42.1750780268047
13.8299647362813 42.1739704321139
13.8308131419364 42.1737033394279
13.834894636639 42.1720271972561
13.837434721622 42.1683663554817
13.8379040520933 42.1656527235806
13.8400895926666 42.1640717254082
13.8412904910259 42.162367126446
13.8431834520436 42.1620640509199
13.8454861347498 42.1608325062456
13.8505624957985 42.1577616105818
13.8516220877435 42.1571483681486
13.8526800605645 42.1565316924414
13.8539568721565 42.1557013831911
13.8550816637039 42.1546833599771
13.8555377144927 42.1541867294601
13.8560058794859 42.153244369533
13.8562981707529 42.152557272315
13.8572338999534 42.150640342644
13.860690011709 42.1474495100182
13.8609824255254 42.1466651843337
13.8612112506304 42.1451262699059
13.8628377448744 42.1343940775309
13.8635097617066 42.1301075391477
13.8670759005748 42.128702356586
13.8688416773946 42.1279194144245
13.8701261747086 42.1275357296363
13.8712054741801 42.1273221054301
13.8721032164534 42.1273271395371
13.8725848116647 42.12770718602
13.8732297946896 42.1277056654132
13.87404852778 42.1275551742931
13.875105387408 42.1275160004877
13.8764756660235 42.1273632202231
13.8777729357092 42.1270720329268
13.8785613698609 42.127008352629
13.8793207562109 42.126779714583
13.8803722878423 42.1262922136439
13.8812777964439 42.1258093208498
13.8828960637551 42.1250130954731
13.8840565958806 42.1245209168093
13.8848533985221 42.1239758566784
13.8921827367094 42.1212582852381
13.8940634074229 42.1204791898611
13.895286214573 42.1201293994572
13.8960633916276 42.1198083043301
13.8965716540143 42.1195257922536
13.8979594709247 42.1178192745631
13.9004391143629 42.1145103856367
13.9013121669056 42.1138421130039
13.902133145784 42.1135275732353
13.9026685073138 42.1132161674561
13.9031560380523 42.1128932077544
13.9037511909782 42.1126034939433
13.9044740857516 42.1123402494652
13.9053392422452 42.1120151985063
13.9059868083948 42.1117547454382
13.9064651829746 42.1113003882871
13.9067911760687 42.1108019159741
13.9071808606396 42.1102026526892
13.9075102831988 42.1097843534895
13.9082975691358 42.1094300276607
13.9088773517327 42.1092394084432
13.9097524152467 42.1090081046106
13.9104668337988 42.1086720431909
13.9111080608171 42.1083605264384
13.9116723448531 42.1080076267089
13.9122403311047 42.1077049861237
13.9127951362728 42.1072402477753
13.9136361159411 42.106694863995
13.9143434899069 42.106279384032
13.9149869828085 42.1060243944581
13.9169837270321 42.1037918143109
13.9174124327418 42.1034331720129
13.918000543619 42.1030015052298
13.9184921577048 42.1024739432589
13.9189712855451 42.1020127940558
13.919458719784 42.1016613701572
13.9202470138467 42.1013492456615
13.9208887903702 42.1011013209232
13.9215342146891 42.1008506956445
13.9221516902928 42.1003889679094
13.9226195653707 42.099877977938
13.9229309674262 42.0993220054562
13.9239833371256 42.0974322561274
13.9242633247319 42.0969515860525
13.9248662286974 42.0963959860686
13.9255698935684 42.0958687872644
13.9261146899282 42.0955077531708
13.926765011685 42.0951995870982
13.9275647036692 42.0948846826026
13.9283803849055 42.0947346403953
13.9291891741894 42.0945858630125
13.929834044859 42.0943366044372
13.9305358393744 42.0939214934205
13.9309395462336 42.0934648988622
13.9313304796315 42.0928432952179
13.9317262030172 42.0922760849729
13.9321871665493 42.0915948996756
13.9325221227089 42.0911965585919
13.9329263343956 42.0906783806703
13.9335523031328 42.0902105027122
13.933958128468 42.0896908055641
13.9342904946538 42.0891128661513
13.9346998252062 42.0885270173503
13.9356949914505 42.0879377004935
13.9369478366879 42.0868859337392
13.9380199455128 42.0861696234754
13.9391816721542 42.0855587101091
13.9410323769761 42.0850915280598
13.9418963977332 42.0855017015722
13.943487463842 42.0856575417579
13.9458531173151 42.0856202845209
13.9475545092478 42.0848968776121
13.9483197750685 42.0839699093468
13.9488110432014 42.0831576433192
13.9528269020566 42.0799066631975
13.9544861572526 42.0791160853176
13.9608276183987 42.0779152308564
13.965532015747 42.0773822162868
13.9671830872244 42.0774672759815
13.9703916854744 42.0717668115545
13.9742092028491 42.0676223266072
13.9744795639921 42.0644189561295
13.9745877253045 42.0632140694937
13.9755872125584 42.0625373869391
13.976867039397 42.0622485770383
13.9775587318688 42.062011376911
13.9777865331156 42.0618661760925
13.9786467332167 42.0613263772758
13.9793944950485 42.0609476155788
13.9802730556536 42.0605201523265
13.9809357055318 42.0600308272816
13.9812878347353 42.0595502191206
13.9822443779203 42.0588689584653
13.9835149294702 42.0583750284941
13.9843139524408 42.057663852704
13.9849219766251 42.0572383027803
13.9854637471466 42.0568379041991
13.9868254871884 42.0559957946839
13.9873673198503 42.0556149986431
13.9888019833502 42.0546657471365
13.9893927337621 42.0545119067481
13.9903672769385 42.0547213718815
13.9918380977148 42.0546112799915
13.9932373111078 42.0539261095103
13.9943574247813 42.0535330640276
13.9956703097081 42.0532156458542
13.9969651657466 42.0528344730381
13.9972332393327 42.0528173048971
13.9979614799874 42.0528516359481
14.0010627859257 42.0541730440302
14.0032478622636 42.0536854979017
14.0049416724039 42.0534641241923
14.0050881687745 42.0534504979556
14.0069270991291 42.0531665503789
14.0085000233024 42.0529248588348
14.0090842140543 42.0529819657498
14.0097127632407 42.05315799197
14.0103108145183 42.0531592368719
14.0104264642807 42.0532083348672
14.0126875681993 42.0536484014136
14.0144895064868 42.0541804353835
14.0155101004786 42.0552029106151
14.0174069009489 42.0555195571701
14.0195948614324 42.0562743676146
14.0207294145416 42.0563505638241
14.0215003586358 42.056365226513
14.0226470475121 42.0563250384907
14.0233815195276 42.0564500950344
14.0240718441849 42.0566572046155
14.0250553928858 42.0568026865528
14.0274286558612 42.0580335920883
