13.4451076545407 42.0597752605671
13.4455534626242 42.0599636961404
13.4461593128324 42.0601374583521
13.4469276220104 42.0603943828871
13.4475685916447 42.0607320712426
13.4481248090976 42.0607974413812
13.448792758597 42.061026305563
13.4495849866002 42.061234949599
13.4500065514695 42.061441254238
13.4509432836176 42.0618300964109
13.4514238394621 42.061874553165
13.4517885961003 42.0620141569905
13.4523333359191 42.0620926763383
13.4532090846501 42.0622219254105
13.4540951354255 42.0623727847365
13.4547842585604 42.0622874150705
13.4555741752207 42.0624330099974
13.4559841757845 42.0625605304703
13.4563642922108 42.0627177753585
13.456927333973 42.0628928798612
13.4575051712171 42.0630636366841
13.4581659555717 42.063272194686
13.4585084614322 42.0633619411784
13.4588056518623 42.0634326843959
13.459128817059 42.0641336270187
13.459888167299 42.0643601913969
13.4601052767098 42.0644473116192
13.4606816990394 42.0644399428541
13.4609040939099 42.0645244225148
13.4613681782444 42.0646676857665
13.4618310558375 42.0648327309965
13.4624715613333 42.0649233513979
13.463046467115 42.0651128618641
13.4634997836853 42.065353561716
13.4637277014922 42.0655637242297
13.4641943625251 42.0657567264037
13.4647416943583 42.0658118419599
13.4650315887911 42.0658656899387
13.4657602004767 42.0662458912327
13.4663481449714 42.0664633752561
13.4668505572865 42.0666157665728
13.4673921492088 42.0666668689199
13.4679231339037 42.0666882640147
13.4684590648427 42.0667630961278
13.4687776760277 42.0668295166693
13.4695128518658 42.0668134505422
13.469711123982 42.0667537982251
13.4707650805683 42.0665805325163
13.471341928646 42.0666613597873
13.4717796334336 42.0667675653789
13.4721928597208 42.066966196567
13.4724543144207 42.0671695500351
13.4735911098639 42.0685289018837
13.4736192493926 42.0687455759428
13.4738114225246 42.0688527948481
13.4739321288514 42.0689712217742
13.4741423330741 42.0691632251269
13.4743667134761 42.0692126124837
13.4745453797104 42.0693616830544
13.47470957381 42.0694429284889
13.4748955747455 42.0695461142818
13.4750332111685 42.0696299116083
13.4750495398183 42.0698319436378
13.4753394524414 42.0699477949496
13.4756353329415 42.0699748081936
13.4758011110889 42.0699571857732
13.4761634019302 42.0699633797468
13.4764683176299 42.0700037161165
13.4767232253008 42.0700976392422
13.4768512334953 42.0702766889144
13.4769481043966 42.0703841379296
13.4770322873844 42.0705136744172
13.4772317986395 42.0707007393873
13.4773541140713 42.0708561479132
13.4775583008006 42.0710516858949
13.477587372837 42.0712479928458
13.4776772166953 42.0714376584149
13.4779146516724 42.0714905922061
13.478112846758 42.0715379282509
13.4782694845338 42.0715599530141
13.4785273161151 42.0715307629719
13.4787335644292 42.0715210674505
13.4789580000804 42.0715225799567
13.4792163028727 42.0716366241102
13.4793512751456 42.0717836026797
13.4795824143734 42.0719214108337
13.479744074361 42.072124596444
13.4799078552888 42.0722541982699
13.4800608071646 42.0723012432637
13.4801887275082 42.0724633505627
13.4803197726194 42.072604781266
13.4803804119115 42.0727017217518
13.480455708737 42.0728878940342
13.4805368220261 42.0729737248175
13.4806328078228 42.0730440025179
13.4808264798899 42.0732272711229
13.4809628082593 42.0733621433747
13.4810105364347 42.0734786834826
13.4811006200545 42.0735451205695
13.4813255347474 42.0736276304839
13.4815543343431 42.0738327104823
13.4851548935897 42.0729807471749
13.4862431966775 42.0728858013163
13.4868690656903 42.0730489304258
13.4870201444855 42.0731533576424
13.487673409304 42.0735177189614
13.4879845385494 42.0737564766974
13.4883579477961 42.0739585881563
13.4886750190222 42.0741326658028
13.4889154620035 42.07431161151
13.4891532529121 42.0744816484119
13.489452180024 42.0746295433881
13.4898127055901 42.0747594565552
13.4900746294404 42.0748866118218
13.490235466149 42.0750735558119
13.4904433239384 42.07530915214
13.4906409752435 42.0754410999943
13.4909182371674 42.0756174878849
13.4912284633967 42.0757813627419
13.4917346540553 42.0758414457859
13.4921495173848 42.0755025152297
13.4929712963591 42.0753741350518
13.4932786315247 42.0754621752925
13.4939032680736 42.0759299661007
13.4942473977667 42.0761579252684
13.4944906953302 42.0763111970101
13.4947114780023 42.0764483434716
13.4950411647774 42.0765688510848
13.4956299681546 42.0766855087563
13.4958727192948 42.0768469537835
13.4958136074319 42.0771781907336
13.496123036782 42.077429006727
13.4966798255304 42.0775568978823
13.4971983197721 42.0776185965106
13.4975859983909 42.0774791414734
13.4979124686608 42.0773099360695
13.4982625583754 42.0771267077469
13.4985303398447 42.0770069772889
13.5009235036967 42.0766203158556
13.501122796982 42.0767704115801
13.5011688032417 42.0768064024112
13.5011865812923 42.0768219475029
13.5012086132805 42.076846124324
13.5012263888345 42.0768635260032
13.5012539514476 42.0768872114947
13.5012707502164 42.0769000157289
13.5013002136147 42.0769190773572
13.5013363598603 42.0769462769002
13.5013522276845 42.0769545389435
13.5013771930928 42.0769647804547
13.5014494091063 42.0770051881465
13.501459365942 42.0770165173149
13.5014842614829 42.0770332598906
13.5015210193814 42.0770598987222
13.5015449911988 42.0770796129298
13.5016302480685 42.0771472190953
13.5016331538614 42.0771496103006
13.5016616007807 42.0771629845626
13.501698576149 42.0771834302147
13.501721264381 42.0771971453104
13.5017496452779 42.0772231164716
13.5017832528397 42.0772459074909
13.5018027357734 42.0772620257619
13.5018248311536 42.0772827816834
13.5018494988493 42.0773031784123
13.5018764861272 42.0773328360248
13.5019005140341 42.0773575295407
13.5019269174041 42.0773841261473
13.5019398885014 42.0773996059607
13.5019526390183 42.0774172449491
13.5019650125252 42.0774392176092
13.5019850744065 42.0774650091365
13.5020028057757 42.0774818397998
13.502020919955 42.0774920309817
13.5020571917461 42.0775101702129
13.5021014296187 42.0775280124073
13.5021271941626 42.0775400106747
13.5021605279067 42.0775559792672
13.502188566602 42.0775699263614
13.5022093159935 42.0775796593417
13.5022392306724 42.0775868635505
13.5023255714564 42.0776274086436
13.5023320218516 42.0776374490923
13.5023587300906 42.0776531070544
13.5023905012202 42.0776706432484
13.5024183097963 42.0776941899845
13.5024300250646 42.0777078947487
13.5024596099239 42.0777291607247
13.5024861036604 42.0777464565305
13.5025096014623 42.077759857105
13.5025403545912 42.077773226895
13.5025758443937 42.0777847091431
13.5026060035111 42.0777904967079
13.502628710161 42.0777943844839
13.5026590757226 42.0777983195453
13.5026823116363 42.0778060879375
13.5027083550855 42.0778177116012
13.5027293925463 42.077831189746
13.5027502988939 42.0778427460178
13.5027841754946 42.0778600895198
13.5028102429658 42.077875421815
13.5028362487543 42.0778907177176
13.5028674054401 42.0779024161471
13.5028960513256 42.077912281375
13.5029221286529 42.0779239911915
13.5030126310748 42.0779776935999
13.5030304067934 42.0779951987128
13.5030529068498 42.0780040233641
13.5030793228857 42.0780096117764
13.5031047372743 42.0780205808148
13.5031351976235 42.0780332775905
13.5031634703068 42.0780463785802
13.5031822034932 42.0780585090837
13.5032063698553 42.0780747688551
13.5032273251149 42.0780865033532
13.5032486795663 42.0781006373852
13.503279288289 42.0781134224937
13.5032998609578 42.0781227609865
13.5033288806094 42.0781236408097
13.5033724676336 42.0781202420012
13.5033999845285 42.0781196366107
13.5034259711923 42.0781264939337
13.5034552411765 42.0781402743171
13.5034837311484 42.0781445409576
13.5035076333616 42.0781541241476
13.5035267576127 42.0781689616841
13.5035539543156 42.0781900623724
13.5035833301866 42.0782041602981
13.5036043301652 42.0782051629333
13.5036335691211 42.0782126889618
13.5036575761949 42.0782205506553
13.5036763478264 42.0782310498547
13.5037056935774 42.0782432155264
13.5037349985527 42.0782553639084
13.5037802477469 42.0782712035361
13.5038042598628 42.0782767735637
13.5038442981391 42.0782883546872
13.50387102315 42.0782960846055
13.5039370318231 42.0783289463015
13.5039551510745 42.0783415353343
13.503984313408 42.0783513948698
13.5040136897069 42.0783590366167
13.5040426293505 42.0783711106218
13.504065472758 42.0783877495824
13.5040826595459 42.0784044726962
13.5041217782757 42.0784203609857
13.5041534722774 42.0784300506192
13.5041876237949 42.0784418002541
13.5042225278663 42.0784492919392
13.5042502841173 42.0784506406012
13.5042825281028 42.0784602392204
13.5043125096627 42.0784677777566
13.5043489120526 42.0784730392294
13.5044470967957 42.0785125032142
13.5044653327853 42.0785183211917
13.5045603858925 42.0785700715999
13.5045733713346 42.0785739485389
13.5046024522401 42.0785857355878
13.5046221336111 42.0785834401176
13.5046467517687 42.0785790110358
13.5046867352782 42.0785722401793
13.5047172209165 42.0785676084289
13.5047432427332 42.0785671993998
13.5047722850119 42.0785688486254
13.5048020127133 42.0785768201535
13.5048262271888 42.078580688977
13.5048560335351 42.0785866091572
13.5048785984015 42.0786072707149
13.5049062728821 42.0786256808235
13.5049282377097 42.0786378878478
13.504955614293 42.0786520943639
13.5049829388027 42.0786662713399
13.5050101942148 42.0786804123895
13.5050346684793 42.0786925089864
13.5050753209466 42.0787146026087
13.5051049054716 42.0787345403111
13.505123595092 42.0787484062274
13.5051476710544 42.0787622739717
13.5051634485722 42.0787759813144
13.5051788159452 42.0787953207044
13.5051996077209 42.0788127012767
13.5052232661897 42.0788262964721
13.5052466945374 42.0788417008038
13.5052645474751 42.0788569020752
13.5052903117772 42.0788740491746
13.5053161433062 42.0788893027686
13.5053338700623 42.0789024589001
13.5053540300879 42.078917420562
13.5053815791913 42.0789378657418
13.5053945401456 42.078943609486
13.5054289772195 42.0789536428251
13.5054677842177 42.0789550525243
13.5054985477426 42.0789561707573
13.5055238979566 42.0789570920514
13.5055758560205 42.078955392191
13.505631335172 42.0789559818521
13.5056514072999 42.0789725969388
13.505683112169 42.0789842973652
13.5057017846568 42.0789922102098
13.5057316382349 42.0790083299387
13.5057560344043 42.0790204208598
13.5057980482948 42.0790318927026
13.5058315558943 42.0790350589589
13.5058476160323 42.0790410040567
13.5058816481706 42.0790463695743
13.5059244441277 42.0790601347658
13.505937988249 42.0790661850195
13.5059686428191 42.0790909534299
13.5060365217528 42.0791314297106
13.5060528425164 42.0791435691078
13.5060769512189 42.0791555383868
13.5060984645836 42.0791695671736
13.5061251539275 42.0791834828699
13.5061569754132 42.0791912479191
13.5061809134963 42.0791970891188
13.5062129382249 42.0792028756814
13.5062316149431 42.079212837429
13.5062555175346 42.079228770049
13.5062766818178 42.0792426520773
13.5063005310856 42.0792545027702
13.5063327644974 42.0792604086592
13.5063705626634 42.0792683286989
13.5064196670447 42.079276316757
13.5064440404541 42.0792843027643
13.5064796775729 42.079292349494
13.5064985485345 42.0793003483734
13.5065191099487 42.0793181748695
13.5065311036788 42.0793358039684
13.506545800097 42.0793533201495
13.5065634407588 42.07936884754
13.5065809848723 42.0793842897587
13.506612483082 42.0793999247294
13.5066445592606 42.0794118161509
13.5066580982049 42.0794158455836
13.5066902493521 42.0794277639484
13.5067224455896 42.0794396987966
13.5067489258553 42.0794514985203
13.5067762694074 42.079472500701
13.5068022350785 42.0794860656421
13.506836860502 42.0794998964664
13.5068715140503 42.0795137378443
13.5068900744315 42.0795216077945
13.5069936359275 42.0795596239539
13.5070071667985 42.079567316809
13.507031602968 42.0795826211313
13.5070552693976 42.0795925689269
13.507104765079 42.079609081957
13.5071228723433 42.0796135108369
13.5071414011 42.0796214843566
13.5071630075507 42.0796348697541
13.5071871168398 42.0796483639707
13.5072244243444 42.0796677751324
13.5072509022038 42.0796796514956
13.5072826667928 42.0796935647846
13.5073015195104 42.079706548116
13.5073281860021 42.0797216102561
13.5073572510157 42.0797334697392
13.5073837562127 42.0797468179372
13.5074338513238 42.079756791658
13.5074497657931 42.0797611812144
13.5074816666389 42.0797716356751
13.507513642721 42.0797821150389
13.5075457495729 42.0797909758184
13.5075805352044 42.0798033450678
13.5076204347837 42.0798226529909
13.5076389914386 42.0798321911884
13.50770257379 42.0798514766657
13.5077292130281 42.0798651069807
13.5077588436694 42.079885472685
13.5077856054964 42.0799014272843
13.5078044518876 42.0799158050333
13.5078364684275 42.0799335459706
13.5078631443008 42.0799472036412
13.5078845338426 42.0799613025249
13.5079058974863 42.0799686419681
13.5079299741452 42.0799825455144
13.5079567149086 42.0799984886784
13.5079970432305 42.0800157574612
13.5080214476126 42.0800231028714
13.5080459000934 42.0800306050953
13.5080876665087 42.0800307170909
13.5081211668121 42.0800356861859
13.5081607254238 42.0800404278458
13.5081807791716 42.0800417056427
13.5082217742071 42.0800397965317
13.5082547283275 42.0800360099726
13.5083169281251 42.0800216420742
13.5083326983658 42.0800185605715
13.5083977966315 42.0800012492494
13.5084473997157 42.0799915033361
13.5084930239329 42.0799745302889
13.5085660304571 42.0799455851133
13.5086002072198 42.0799308684122
13.5086072086812 42.0799304264818
13.5086512196363 42.0799178061507
13.5086953877196 42.0799075900592
13.5087731229952 42.0798873782486
13.5088092369646 42.0798878628588
13.5088639408086 42.0798872740869
13.5088794486661 42.079889025541
13.5089231791228 42.0798944932441
13.5089641692119 42.0799001846897
13.509011945818 42.079908248157
13.5090442976053 42.0799198979528
13.5090929298123 42.0799288238834
13.5091319504706 42.0799305025821
13.5091744668574 42.0799374591097
13.5092006730734 42.079942158375
13.5092433183961 42.0799491360682
13.5092761488644 42.0799563582863
13.5093426742295 42.0799442907321
13.5093728651589 42.0799384183972
13.509433619077 42.0799292783788
13.5094775048079 42.0799284994533
13.5095388052275 42.0799246943776
13.5095797671379 42.0799239614309
13.509603739271 42.0799235326917
13.5096650503093 42.0799278995893
13.5096989201937 42.0799327618407
13.5097728126507 42.0799257630339
13.5098095805883 42.0799164510743
13.5098498760169 42.079909736577
13.5099441891356 42.0799069746954
13.5100126737075 42.0799055549586
13.5100595435209 42.0799047059213
13.510095741718 42.0799040505237
13.5101994266444 42.0799049783727
13.5102028809623 42.0799049162563
13.5102583138598 42.0799039193112
13.5103106025405 42.0799057958349
13.5103492379318 42.0799219657821
13.5103807859068 42.079940981829
13.5104156758799 42.0799543155931
13.5104469755409 42.079972980212
13.510478352215 42.0799856741438
13.5105168373408 42.0799981618871
13.5105446323619 42.0800164884364
13.5105797882244 42.080026400309
13.5106076757118 42.0800419978795
13.510635682824 42.0800548713645
13.5106707578711 42.0800702980539
13.5106984791049 42.0800885990287
13.5107436990567 42.0801145903139
13.5107646810488 42.0801249299373
13.5107948350569 42.0801564094875
13.5108116571924 42.0801720522191
13.5108500546722 42.0801900622271
13.5108819595098 42.0802002744577
13.5109167671044 42.0802183511916
13.5109525045866 42.0802285926876
13.5110114521109 42.0802231182502
13.5110372584968 42.0802203954934
13.5110812373107 42.0802202307638
13.511118070222 42.0802200930603
13.5111564349207 42.0802198447109
13.5111918235968 42.0802169326247
13.5112342777557 42.0802219826607
13.5112754669087 42.0802378025106
13.5113890044562 42.0802776496154
13.51142135525 42.0802990563477
13.5114640473691 42.080315189537
13.5115140998058 42.0803341046816
13.511589233314 42.0803399196823
13.5116109672659 42.0803454379112
13.511647303249 42.0803510831068
13.5116838365153 42.0803513624272
13.5117317596622 42.0803544439157
13.5117913431052 42.0803603703529
13.5118063392741 42.0803604783386
13.5118439405577 42.0803690219035
13.5118778410089 42.0803830647591
13.5119197720407 42.0803862471131
13.5119620230923 42.0803894522875
13.5120193624119 42.0804065689395
13.5120422700942 42.0804150791686
13.5121008891333 42.0804213837584
13.5121398829794 42.0804301952207
13.5121790588843 42.0804390474096
13.5122187096665 42.0804451954084
13.5122796047611 42.0804462095739
13.5123288645752 42.0804470303912
13.5123612178109 42.0804531462537
13.5123913198476 42.08047591617
13.5124259166187 42.0804959643442
13.5124609231152 42.0805132590123
13.5125175775452 42.0805283833138
13.5125459103408 42.0805373863887
13.5126519351346 42.0805435589505
13.512679866726 42.0805613560528
13.5127096908714 42.0805689288765
13.512749263584 42.0805690092483
13.5128009694512 42.0805748841167
13.5128259800981 42.0805964568393
13.5128586122967 42.0806207226645
13.512899937098 42.0806276535632
13.5129423349822 42.0806412499003
13.512973414401 42.0806523733222
13.5130116429866 42.0806597060448
13.5130504214756 42.0806703903162
13.5131041803199 42.0806768036239
13.5131384340155 42.0806745327729
13.5131770980789 42.0806753373675
13.513216282846 42.0806764403296
13.5132527492741 42.0806912798533
13.5133084341212 42.0806950096736
13.5133486045188 42.0806996227758
13.5133973243286 42.0807105958197
13.5134423337567 42.0807251959146
13.5134875446405 42.0807431974013
13.5135327065688 42.0807545111009
13.5135739357525 42.0807661410651
13.5136276928705 42.0807842692728
13.5136649529907 42.0807963243814
13.5137022963332 42.080805087308
13.5137606702146 42.0808132432473
13.5138108999974 42.0808216868613
13.5138611984006 42.080833477296
13.5139122521911 42.0808382793467
13.5139336314574 42.0808408084696
13.5140027281055 42.0808449472701
13.5140458811058 42.0808534141261
13.5140897678152 42.0808552209256
13.5141611236822 42.0808527364776
13.5144115209046 42.0808176638416
13.514424372027 42.0808207709847
13.5144959876834 42.080822459669
13.514551458699 42.0808280008876
13.5145976372989 42.0808330800375
13.5146857092578 42.080829482381
13.514732482479 42.0808275714503
13.5147710848295 42.080825994751
13.5148230274261 42.0808238727384
13.5148889900917 42.0808282745414
13.5149514700643 42.0808400103875
13.5149876707282 42.0808564082162
13.5150419310198 42.0808686631925
13.5151013280662 42.0808712636432
13.5151334291008 42.0808742865249
13.5151840092624 42.0808735438655
13.5152348078028 42.080869284147
13.5152905294172 42.0808682261085
13.5153419102996 42.0808672105036
13.515398105787 42.080880268639
13.5154451369797 42.0808900119617
13.5154924105067 42.0808962417293
13.5155639511836 42.0808949516665
13.5155974318715 42.0808979160024
13.5157535460667 42.0809059310714
13.5157849382826 42.0809177100258
13.5158491784844 42.0809475981915
13.5159366370591 42.0809652803131
13.5160084651642 42.0809830809801
13.5160879205863 42.0809887559117
13.5161763296606 42.0810186704311
13.5162413233808 42.0810608256442
13.5163139414297 42.0810908573307
13.5163940072327 42.0810966920531
13.5164749793821 42.0811328295359
13.5165478610474 42.0811629597834
13.5166366954216 42.081181005071
13.5167176544813 42.0811990963512
13.516799060208 42.0812232824432
13.5168805957749 42.0812293252128
13.5169621372426 42.0812414150832
