lon lat preferred min max
13.5599 42.4188 0.32148 0.24165 0.41567
13.4104 42.4533 0.91254 0.70658 1.1416
13.2693 42.4687 1.0301 0.76479 1.351
13.2783 42.4581 0.79195 0.59248 1.0295
13.2995 42.444 0.72916 0.54682 0.94531
13.4085 42.4243 0.60049 0.45032 0.77849
13.5863 42.3495 0.52269 0.39636 0.66911
13.5851 42.3464 0.5629 0.42685 0.72059
13.5853 42.3462 0.52269 0.39636 0.66911
13.6899 42.2629 0.41202 0.3111 0.53001
13.6894 42.2616 0.46971 0.35466 0.60421
13.6942 42.2587 0.60461 0.4452 0.80086
13.4301 42.2389 1.1812 1.0746 1.3124
13.4306 42.2386 1.0754 0.96986 1.204
13.4311 42.2381 1.1679 1.0645 1.2973
13.4313 42.2378 1.2233 1.1264 1.3455
13.4316 42.2376 1.1693 1.0912 1.2685
13.4342 42.2366 1.0498 0.93564 1.1872
13.4347 42.2362 1.0727 0.96693 1.2021
13.4355 42.2352 1.0543 0.9127 1.2271
13.4357 42.2348 1.0352 0.9584 1.1296
13.4375 42.2338 1.0946 0.96256 1.2558
13.439 42.2331 0.92892 0.83386 1.0446
13.4405 42.2306 0.9081 0.80575 1.0309
13.4408 42.2304 0.81993 0.74976 0.90631
13.4412 42.23 0.7746 0.69142 0.87539
13.4414 42.2298 0.76719 0.70854 0.83917
13.4424 42.2292 0.81004 0.70931 0.93104
13.4429 42.2292 0.79685 0.73265 0.87628
13.444 42.2282 0.88324 0.79332 0.99359
13.4461 42.2275 0.91814 0.83908 1.0182
13.4487 42.227 0.98846 0.90975 1.0883
13.45 42.2269 0.96019 0.8397 1.1075
13.4566 42.2225 0.94351 0.83589 1.0823
13.4592 42.2207 0.7549 0.56612 0.97868
13.4592 42.2205 0.87562 0.79729 0.97263
13.4602 42.2194 0.68478 0.63465 0.74819
13.4653 42.2145 0.56195 0.5024 0.63236
13.6194 42.4434 0.51679 0.39106 0.66315
13.1118 42.1322 0.49003 0.38451 0.60445
13.1124 42.1339 0.42305 0.3298 0.52543
13.1433 42.1023 0.53357 0.40866 0.67548
13.1688 42.0947 0.30489 0.23352 0.38599
13.6659 42.0134 0.47865 0.35809 0.62225
13.6782 42.0067 0.24721 0.18666 0.318
13.6904 42.0009 0.74671 0.57081 0.94732
13.6977 42.0004 0.63593 0.48323 0.81217
13.7 41.9982 0.62496 0.47587 0.79636
13.7054 41.9946 0.40878 0.31126 0.52089
14.0545 41.8289 0.92209 0.70068 1.1776
14.0583 41.8257 0.82523 0.5891 1.136
13.4613 42.1893 0.028039 0.021894 0.034764
13.4645 42.1885 0.85553 0.65273 1.0877
13.4685 42.1876 0.40795 0.3142 0.51332
13.5028 42.1502 1.2619 0.94407 1.6405
13.505 42.1459 1.9926 1.4585 2.6586
13.5127 42.1332 1.9617 1.4779 2.5298
13.7153 41.9455 1.3524 1.0118 1.7582
13.3677 42.5983 0.95992 0.70475 1.276
13.3739 42.5883 0.74291 0.54543 0.98756
12.9578 42.564 0.51098 0.38907 0.65111
12.958 42.5619 0.43879 0.33543 0.55667
13.2722 42.0251 0.6097 0.44485 0.81662
13.2733 42.0236 0.7986 0.58077 1.074
13.3263 42.0058 1.0593 0.76776 1.4306
13.3661 41.9752 0.65182 0.5047 0.81545
13.381 41.9684 1.4102 1.0993 1.7514
13.4805 41.892 1.0195 0.79867 1.2597
13.4859 41.8907 1.2484 0.97797 1.5424
13.5487 41.8424 1.5722 1.1971 2.0034
13.6204 41.7782 0.41612 0.32599 0.51415
13.4143 42.129 0.28764 0.21622 0.37191
13.4436 42.1207 0.27341 0.20733 0.35
13.451 42.1183 0.62094 0.4598 0.817
14.0601 42.089 0.91948 0.70945 1.1547
13.6012 42.2447 0.41843 0.2987 0.576
13.6133 42.2408 0.4533 0.32359 0.624
13.6835 42.2086 0.3163 0.24405 0.39722
13.7107 42.1924 0.59251 0.43993 0.77713
13.716 42.186 0.79856 0.5897 1.0542
13.7876 41.8521 0.33278 0.26277 0.4078
13.7964 41.8358 0.40457 0.31216 0.50807
13.8139 41.8266 0.85784 0.64332 1.1121
13.843 41.7979 0.74173 0.57128 0.93331
13.8434 41.7941 0.67498 0.51986 0.84931
13.8851 41.783 1.0828 0.78202 1.4689
13.9037 41.7836 0.73423 0.50322 1.0678
13.9354 41.7665 0.37742 0.26586 0.52865
14.0704 41.912 0.28379 0.20956 0.37462
14.0844 41.9011 0.18951 0.14245 0.24503
13.3415 42.1525 0.11006 0.0838 0.14024
13.3623 42.1364 0.80615 0.59361 1.0678
13.1914 42.9132 1.4242 1.1394 1.7091
13.2082 42.8993 0.81385 0.65108 0.97662
13.2124 42.8946 1.0173 0.81385 1.2208
13.2257 42.8732 0.77316 0.61853 0.92779
13.2455 42.8292 1.4649 1.1719 1.7579
13.2463 42.8267 1.5463 1.2371 1.8556
13.2482 42.8231 1.4649 1.1719 1.7579
13.2489 42.8219 1.6277 1.3022 1.9532
13.2504 42.8205 1.5463 1.2371 1.8556
13.2513 42.8197 1.7091 1.3673 2.0509
13.2525 42.8187 1.8719 1.4975 2.2462
13.2551 42.8167 2.0346 1.6277 2.4415
13.2564 42.8159 2.0346 1.6277 2.4415
13.2577 42.815 0.97662 0.7813 1.1719
13.2586 42.8143 1.7498 1.3998 2.0997
13.26 42.8134 1.5463 1.2371 1.8556
13.3976 42.2833 0.46704 0.361 0.5854
13.4106 42.2755 0.22516 0.17074 0.28823
13.4121 42.2746 0.41913 0.31716 0.53783
13.4438 42.3927 0.37564 0.283 0.48443
12.8509 42.5312 0.46339 0.34314 0.6097
12.9169 42.4513 0.33661 0.26703 0.41052
13.7629 41.9485 0.37087 0.28564 0.46665
13.7619 41.9474 0.37087 0.28564 0.46665
13.7618 41.9461 0.28186 0.21709 0.35466
13.8758 41.9335 0.43187 0.318 0.57205
13.8774 41.9329 0.96624 0.71742 1.2673
13.8801 41.9316 1.0809 0.81058 1.4013
13.8837 41.9294 1.0406 0.78219 1.3455
13.884 41.9291 1.0342 0.78087 1.3303
13.9244 41.888 0.3384 0.25437 0.43754
13.1419 42.1929 0.46531 0.34976 0.60162
13.2211 42.131 0.65367 0.48783 0.85222
13.2248 42.1303 1.325 0.98885 1.7275
13.1417 42.3937 0.49443 0.37332 0.63601
13.24 42.3105 0.094281 0.069622 0.12446
13.881 42.1261 1.2143 0.92078 1.5544
13.8822 42.1286 1.5722 1.1971 2.0034
13.9256 42.0973 1.3136 1.0153 1.6464
13.5668 41.9286 0.56756 0.44172 0.70616
13.567 41.9281 0.51627 0.3969 0.65091
13.6104 41.8901 1.2208 0.92376 1.5665
13.6768 41.8311 0.60919 0.45576 0.79196
13.4655 42.0661 0.69316 0.52672 0.88527
13.0231 42.35 0.42374 0.30711 0.57225
13.1149 42.273 1.7693 1.299 2.3519
13.6944 42.065 0.21304 0.16221 0.27146
