Set_1	[0.26154028 0.26154028 0.26154028 0.26154028 0.26154028 0.26154028
 0.26154028 0.26154028 0.26154028 0.26154028 0.26154028 0.21055729
 0.16958935 0.13667228 0.11023247 0.0889989  0.0719299  0.05821791
 0.04720061 0.03834935 0.03123824 0.02552311 0.02093189 0.01724271
 0.01427726 0.01189391 0.01109975 0.01083471 0.00714559 0.00431186
 0.00191223 0.         0.         0.         0.         0.
 0.         0.         0.         0.         0.         0.
 0.         0.         0.         0.         0.         0.
 0.         0.         0.         0.         0.         0.
 0.         0.         0.         0.         0.         0.        ]
